0.001 0.625 0.8 24.058563456358 0.78892108098649
0.001 0.625 0.9 16.8199981010208 0.25966741057953
0.001 0.625 1.0 13.2359900799064 0.14591245022594
0.001 0.7 0.8 43.4741292304145 1.5391340034463
0.001 0.7 0.9 22.9027375275733 0.4660578950674
0.001 0.7 1.0 16.3235748993925 0.23477924748959
0.01 0.625 0.8 29.2830484866482 0.52453853190567
0.01 0.625 0.9 20.484462127313 0.27009667336141
0.01 0.625 1.0 15.8664673037514 0.15860534838115
0.01 0.7 0.8 51.3753125475995 1.1974701699193
0.01 0.7 0.9 27.9372525948367 0.4273204082706
0.01 0.7 1.0 19.8666260434564 0.22382177107504
