3 1 2 0.00602758 9.9162883996329e-05
3 2 3.1748 0.00698899 7.0764172440049e-05
3 3 5.14256 0.00699569 8.8937997582794e-05
3 4 6.54213 0.00688835 6.9773115623886e-05
3 5 8.20313 0.00687146 7.6564606563878e-05
3 6 9.69762 0.00674302 3.8708936709754e-05
3 7 11.3755 0.00664044 6.2763492029566e-05
3 8 12.9584 0.00656785 4.8503388192343e-05
3 9 14.5998 0.00654761 4.6977242246311e-05
3 10 16.165 0.00659235 4.0971093468231e-05
3 11 17.775 0.00662363 5.2759117199966e-05
3 12 19.3169 0.00669043 6.6850680917668e-05
3 13 21.0505 0.00664625 6.4360633909603e-05
3 14 22.5953 0.00663306 6.3541358164172e-05
3 15 24.2882 0.00671786 6.9501272921825e-05
3.25 1 2 0.00713822 0.00010800106398685
3.25 2 3.1748 0.00864514 8.7625129105005e-05
3.25 3 5.14256 0.00881301 7.1690048830476e-05
3.25 4 6.54213 0.00868187 6.8444674237254e-05
3.25 5 8.20313 0.00863011 5.7424891247385e-05
3.25 6 9.69762 0.00839069 5.8298645811486e-05
3.25 7 11.3755 0.00831842 8.9609401330775e-05
3.25 8 12.9584 0.00829171 4.8720260581782e-05
3.25 9 14.5998 0.00816112 5.3666658587291e-05
3.25 10 16.165 0.00816616 4.6363976895857e-05
3.25 11 17.775 0.00813857 4.349407279895e-05
3.25 12 19.3169 0.00814948 5.7976598812486e-05
3.25 13 21.0505 0.00816923 6.3967221827007e-05
3.25 14 22.5953 0.00816713 5.7694217987458e-05
3.25 15 24.2882 0.00815972 5.2863706628678e-05
3.5 1 2 0.00861879 0.0001167749895628
3.5 2 3.1748 0.0101222 0.00011249640619298
3.5 3 5.14256 0.0104839 8.1152287395831e-05
3.5 4 6.54213 0.0104547 6.332801049604e-05
3.5 5 8.20313 0.0103264 8.169576397395e-05
3.5 6 9.69762 0.0100948 5.4139571154681e-05
3.5 7 11.3755 0.00989642 5.9244550381823e-05
3.5 8 12.9584 0.00983161 5.7242041151039e-05
3.5 9 14.5998 0.00977135 5.5955561422069e-05
3.5 10 16.165 0.00973012 5.3125701536086e-05
3.5 11 17.775 0.00972854 4.6923480686689e-05
3.5 12 19.3169 0.00971476 5.7020190041948e-05
3.5 13 21.0505 0.00960724 5.883287187161e-05
3.5 14 22.5953 0.00958668 4.8687460851896e-05
3.5 15 24.2882 0.00964828 4.3471604684677e-05
3.75 1 2 0.0101829 0.00013323928193073
3.75 2 3.1748 0.012179 0.00013051007279629
3.75 3 5.14256 0.0126504 8.3942781849989e-05
3.75 4 6.54213 0.012592 8.2052536521516e-05
3.75 5 8.20313 0.012301 7.5444553576142e-05
3.75 6 9.69762 0.0119005 8.4772729256444e-05
3.75 7 11.3755 0.0116673 8.0599905250567e-05
3.75 8 12.9584 0.0114459 5.6489324205791e-05
3.75 9 14.5998 0.0113614 5.3606552776546e-05
3.75 10 16.165 0.0113053 4.8990153663419e-05
3.75 11 17.775 0.0111609 6.7008190959495e-05
3.75 12 19.3169 0.0112591 7.310941740984e-05
3.75 13 21.0505 0.0112474 6.4284008824165e-05
3.75 14 22.5953 0.0111233 7.4973807923591e-05
3.75 15 24.2882 0.0110169 7.8485971076919e-05
4 1 2 0.0114863 0.00014028046961924
4 2 3.1748 0.0138534 9.5336793004054e-05
4 3 5.14256 0.0149428 0.00010684841774517
4 4 6.54213 0.0149747 6.5424868938741e-05
4 5 8.20313 0.0145884 6.5195882729857e-05
4 6 9.69762 0.0142187 6.9942271128825e-05
4 7 11.3755 0.0139545 0.0001007055616967
4 8 12.9584 0.013697 5.1125374392707e-05
4 9 14.5998 0.013545 7.8706204338501e-05
4 10 16.165 0.0133524 5.7290741852e-05
4 11 17.775 0.0133016 7.5401981331657e-05
4 12 19.3169 0.0131499 6.6785103130476e-05
4 13 21.0505 0.0131957 8.1106859482275e-05
4 14 22.5953 0.0131639 8.0060169017702e-05
4 15 24.2882 0.0131569 7.4406680489068e-05
4.25 1 2 0.0129191 0.00013664538959469
4.25 2 3.1748 0.0157249 0.00017190623352473
4.25 3 5.14256 0.0173702 0.00011815350598979
4.25 4 6.54213 0.0173705 0.00011693325169177
4.25 5 8.20313 0.0169102 0.00012716575442978
4.25 6 9.69762 0.0166181 8.7954835713602e-05
4.25 7 11.3755 0.0160732 8.6205627171474e-05
4.25 8 12.9584 0.0157555 0.00010058704252822
4.25 9 14.5998 0.0153078 7.6907112202413e-05
4.25 10 16.165 0.0151694 8.7430504770584e-05
4.25 11 17.775 0.0150109 8.9686328387537e-05
4.25 12 19.3169 0.0148126 7.0361682800593e-05
4.25 13 21.0505 0.0148778 7.4503214073439e-05
4.25 14 22.5953 0.0147631 8.2666703022973e-05
4.25 15 24.2882 0.0146796 8.5340088256182e-05
4.5 1 2 0.0142018 0.00017919115142562
4.5 2 3.1748 0.017825 0.00020719102938437
4.5 3 5.14256 0.0197455 0.00017134416435864
4.5 4 6.54213 0.0198469 0.00013712299451783
4.5 5 8.20313 0.0196513 0.00012305886309521
4.5 6 9.69762 0.0191122 9.2497888491971e-05
4.5 7 11.3755 0.0185752 9.1578347605719e-05
4.5 8 12.9584 0.0181624 9.777810996086e-05
4.5 9 14.5998 0.0177581 8.3375774225418e-05
4.5 10 16.165 0.0175069 8.6277736709752e-05
4.5 11 17.775 0.0172491 9.3243418838049e-05
4.5 12 19.3169 0.0170818 7.6273500473583e-05
4.5 13 21.0505 0.0169423 8.4850738661293e-05
4.5 14 22.5953 0.0168151 8.0039428753658e-05
4.5 15 24.2882 0.0167084 8.4523393819796e-05
4.75 1 2 0.0157399 0.00023542437952716
4.75 2 3.1748 0.0197889 0.00019499967397627
4.75 3 5.14256 0.0219765 0.0001994463978794
4.75 4 6.54213 0.0223869 0.00016400578127454
4.75 5 8.20313 0.0221111 0.00016005469585103
4.75 6 9.69762 0.0215068 0.00015479144045855
4.75 7 11.3755 0.0210118 0.00012006566317261
4.75 8 12.9584 0.0205254 8.8770930645272e-05
4.75 9 14.5998 0.0201736 8.5944622432775e-05
4.75 10 16.165 0.0198248 9.3916439755327e-05
4.75 11 17.775 0.0194679 0.00011013371577682
4.75 12 19.3169 0.0193051 0.00010415750167676
4.75 13 21.0505 0.0192108 0.00010172199878463
4.75 14 22.5953 0.0189289 0.00010581203854805
4.75 15 24.2882 0.0187941 9.2498027860446e-05
5 1 2 0.017747 0.00015735189465209
5 2 3.1748 0.0218529 0.00020299998460373
5 3 5.14256 0.0245061 0.00020720898503344
5 4 6.54213 0.0251004 0.00016859473240417
5 5 8.20313 0.0248349 0.00017252069848224
5 6 9.69762 0.0244122 0.00013670773813251
5 7 11.3755 0.0236292 0.00010516616316486
5 8 12.9584 0.0231193 9.0865267701905e-05
5 9 14.5998 0.0226746 9.0759035562727e-05
5 10 16.165 0.0222764 0.00010826507994965
5 11 17.775 0.0218475 9.051811474271e-05
5 12 19.3169 0.0216318 9.5116626602411e-05
5 13 21.0505 0.0213962 9.7945565452171e-05
5 14 22.5953 0.0211409 9.76350476999e-05
5 15 24.2882 0.0209915 0.00010400711079495
5.25 1 2 0.0193092 0.00019849700730999
5.25 2 3.1748 0.0244828 0.00022635056639046
5.25 3 5.14256 0.0275484 0.00023141664814647
5.25 4 6.54213 0.0282774 0.00019358952477559
5.25 5 8.20313 0.0282557 0.00019074384001151
5.25 6 9.69762 0.0278077 0.0001642421801976
5.25 7 11.3755 0.0269786 0.00013787635212233
5.25 8 12.9584 0.0263677 0.00013328493692232
5.25 9 14.5998 0.0256872 0.00011909258232998
5.25 10 16.165 0.0252983 7.2756555751605e-05
5.25 11 17.775 0.0247385 0.00010710601128173
5.25 12 19.3169 0.0243369 0.0001135597997513
5.25 13 21.0505 0.023972 0.00010820588015913
5.25 14 22.5953 0.0237273 0.00010625941134336
5.25 15 24.2882 0.0235248 0.00010794525521645
5.5 1 2 0.0206536 0.00021766631034323
5.5 2 3.1748 0.0262325 0.00025207277595145
5.5 3 5.14256 0.0300151 0.00019071498541637
5.5 4 6.54213 0.0309575 0.00019108535651361
5.5 5 8.20313 0.0309462 0.00016574355190373
5.5 6 9.69762 0.0305115 0.00018360473850897
5.5 7 11.3755 0.0301415 0.00010355186369807
5.5 8 12.9584 0.0292365 0.00012030106522804
5.5 9 14.5998 0.028337 0.000103346307997
5.5 10 16.165 0.0276403 0.00012390047669544
5.5 11 17.775 0.0272133 0.00010173543067975
5.5 12 19.3169 0.0267017 0.00010644351219863
5.5 13 21.0505 0.0262629 0.00010018579614233
5.5 14 22.5953 0.0260207 0.00012148518428333
5.5 15 24.2882 0.0258144 9.1975289646747e-05
5.75 1 2 0.0225276 0.00031517939832223
5.75 2 3.1748 0.0285181 0.00030227178892203
5.75 3 5.14256 0.0331291 0.00018346246476341
5.75 4 6.54213 0.0340229 0.00024658454629747
5.75 5 8.20313 0.0343627 0.00016448567568145
5.75 6 9.69762 0.0338656 0.00020981830169998
5.75 7 11.3755 0.0329367 0.00017700405188279
5.75 8 12.9584 0.032335 0.00011121109310208
5.75 9 14.5998 0.0315339 0.00013790574015105
5.75 10 16.165 0.0308962 0.00011760432868029
5.75 11 17.775 0.0303432 0.00012606463185113
5.75 12 19.3169 0.0299596 9.2477105483005e-05
5.75 13 21.0505 0.0294292 0.0001225481960358
5.75 14 22.5953 0.0290968 0.00011295611443334
5.75 15 24.2882 0.0287412 0.00013678698369933
6 1 2 0.0241365 0.00027627503279642
6 2 3.1748 0.0307976 0.00029912692389461
6 3 5.14256 0.0355754 0.00026039691459287
6 4 6.54213 0.0370719 0.0002396600130994
6 5 8.20313 0.0375503 0.00026459503144204
6 6 9.69762 0.037072 0.00023483718305503
6 7 11.3755 0.0364362 0.00019319504644379
6 8 12.9584 0.035884 0.00011578645232594
6 9 14.5998 0.0350244 0.00013812918331638
6 10 16.165 0.0343008 0.00015354370306595
6 11 17.775 0.0336599 0.00016523607398705
6 12 19.3169 0.0331927 0.00013859940938896
6 13 21.0505 0.0325131 0.00017976457911975
6 14 22.5953 0.0320085 0.00018266728046666
6 15 24.2882 0.0316512 0.00016698643576644
6.25 1 2 0.0253923 0.00033707673371603
6.25 2 3.1748 0.0327523 0.00027175496380158
6.25 3 5.14256 0.0381466 0.00028374693279055
6.25 4 6.54213 0.0398833 0.00026141540106881
6.25 5 8.20313 0.0406736 0.00022732249124516
6.25 6 9.69762 0.0404104 0.00027056018275065
6.25 7 11.3755 0.039934 0.00023345232256179
6.25 8 12.9584 0.0392349 0.00019583137527855
6.25 9 14.5998 0.0382071 0.00022502122817447
6.25 10 16.165 0.0374198 0.0002383100855384
6.25 11 17.775 0.0367994 0.00019371402738971
6.25 12 19.3169 0.0360647 0.0002056090595346
6.25 13 21.0505 0.0355072 0.00019011691305772
6.25 14 22.5953 0.0349249 0.00018371003232317
6.25 15 24.2882 0.034329 0.00017935580034788
6.5 1 2 0.027409 0.00036229564201934
6.5 2 3.1748 0.035296 0.00031284701357447
6.5 3 5.14256 0.0415876 0.00036670837891065
6.5 4 6.54213 0.043431 0.00039791115232961
6.5 5 8.20313 0.0444078 0.00039523529087205
6.5 6 9.69762 0.0444177 0.0003938395009973
6.5 7 11.3755 0.0437476 0.00035123472052644
6.5 8 12.9584 0.0431623 0.00029279799625124
6.5 9 14.5998 0.0420836 0.00026821204769112
6.5 10 16.165 0.0413211 0.0002098866881828
6.5 11 17.775 0.0406466 0.00018798957178202
6.5 12 19.3169 0.0399017 0.00020184526096777
6.5 13 21.0505 0.0390308 0.000192778364568
6.5 14 22.5953 0.0385099 0.00019108998207471
6.5 15 24.2882 0.0379658 0.00016844408207247
6.75 1 2 0.0290033 0.00030545297306163
6.75 2 3.1748 0.0373752 0.00027939048617176
6.75 3 5.14256 0.0441587 0.00035921739723229
6.75 4 6.54213 0.0463945 0.00041511476317296
6.75 5 8.20313 0.0477585 0.00037763729808505
6.75 6 9.69762 0.0478322 0.00033483957589484
6.75 7 11.3755 0.0479829 0.00023357344437336
6.75 8 12.9584 0.0471711 0.00024452938736603
6.75 9 14.5998 0.0461799 0.00029226371867546
6.75 10 16.165 0.0455728 0.00025327712907186
6.75 11 17.775 0.0444068 0.00030068036909742
6.75 12 19.3169 0.0436536 0.00028540719265674
6.75 13 21.0505 0.0427479 0.00031599437915051
6.75 14 22.5953 0.0420734 0.00033972425399133
6.75 15 24.2882 0.041404 0.00031168953060108
7 1 2 0.0307014 0.00029248765598601
7 2 3.1748 0.0397416 0.00028111026424803
7 3 5.14256 0.0474833 0.00042959923183939
7 4 6.54213 0.0500672 0.00047656908602945
7 5 8.20313 0.0514201 0.00043449595731183
7 6 9.69762 0.0519153 0.00042238620972039
7 7 11.3755 0.0515204 0.00038172241964286
7 8 12.9584 0.0510623 0.00031664558262864
7 9 14.5998 0.0501132 0.00032812901067018
7 10 16.165 0.0487973 0.00031356670565972
7 11 17.775 0.0481419 0.00030839011033674
7 12 19.3169 0.0471013 0.00028159967844169
7 13 21.0505 0.0462284 0.00027228608143987
7 14 22.5953 0.0451008 0.00031013864466521
7 15 24.2882 0.0442903 0.00027723770963338
7.25 1 2 0.0325452 0.00047914330714874
7.25 2 3.1748 0.0419283 0.0004381123357687
7.25 3 5.14256 0.0507118 0.00051310541680143
7.25 4 6.54213 0.0537862 0.00058190227715919
7.25 5 8.20313 0.0556192 0.00055198735072191
7.25 6 9.69762 0.0562121 0.00051684051276928
7.25 7 11.3755 0.0560907 0.00045715311579916
7.25 8 12.9584 0.055185 0.00045074384094697
7.25 9 14.5998 0.0543536 0.00036669893484405
7.25 10 16.165 0.0532046 0.00038049949592133
7.25 11 17.775 0.0522628 0.00036898338059725
7.25 12 19.3169 0.0512768 0.00034971551747364
7.25 13 21.0505 0.0503968 0.00030902019049164
7.25 14 22.5953 0.0494813 0.00033932870451889
7.25 15 24.2882 0.048685 0.00032254726310064
7.5 1 2 0.033516 0.00046875799742834
7.5 2 3.1748 0.0439919 0.00043602611464457
7.5 3 5.14256 0.0531078 0.00053216529919584
7.5 4 6.54213 0.0567007 0.00059709740046772
7.5 5 8.20313 0.058854 0.00062282810631347
7.5 6 9.69762 0.0594673 0.00058722881458245
7.5 7 11.3755 0.0595595 0.00049211207755209
7.5 8 12.9584 0.0591615 0.00041443912327521
7.5 9 14.5998 0.0580192 0.00047692583383346
7.5 10 16.165 0.0572395 0.00042793005713498
7.5 11 17.775 0.0559174 0.00043929051573575
7.5 12 19.3169 0.0549689 0.00043234019808523
7.5 13 21.0505 0.053941 0.0003974846665546
7.5 14 22.5953 0.0532515 0.00037323735431956
7.5 15 24.2882 0.0520324 0.00034912491858563
7.75 1 2 0.0356509 0.00037125011363338
7.75 2 3.1748 0.0465825 0.00041658495249792
7.75 3 5.14256 0.0561041 0.000395013971283
7.75 4 6.54213 0.0600497 0.00041100018249446
7.75 5 8.20313 0.06227 0.00054473651834216
7.75 6 9.69762 0.063264 0.00060912141645689
7.75 7 11.3755 0.063666 0.00051801140493021
7.75 8 12.9584 0.0632373 0.00053996100065203
7.75 9 14.5998 0.0621552 0.00054124763640051
7.75 10 16.165 0.0614802 0.00047634891627364
7.75 11 17.775 0.060282 0.0004833622034656
7.75 12 19.3169 0.0592358 0.00044040769910841
7.75 13 21.0505 0.0582349 0.00039211512676837
7.75 14 22.5953 0.0571869 0.00040682081148524
7.75 15 24.2882 0.0560209 0.00046161641950958
8 1 2 0.0370363 0.00034364493307877
8 2 3.1748 0.0488126 0.00042376807206275
8 3 5.14256 0.0587774 0.00059328519125798
8 4 6.54213 0.0630827 0.00050078384185343
8 5 8.20313 0.0660615 0.00051052854735919
8 6 9.69762 0.0670803 0.00062107923664671
8 7 11.3755 0.0672556 0.00066430400607463
8 8 12.9584 0.0671475 0.00055909073868852
8 9 14.5998 0.0665392 0.00058629695973986
8 10 16.165 0.065529 0.00052768532885337
8 11 17.775 0.0643858 0.00049280817530557
8 12 19.3169 0.063305 0.00046745188254582
8 13 21.0505 0.0622416 0.00042433291763241
8 14 22.5953 0.0612907 0.00036856559719134
8 15 24.2882 0.0601175 0.00039719084013421
8.25 1 2 0.0388144 0.00044056079054028
8.25 2 3.1748 0.051121 0.00049369522105684
8.25 3 5.14256 0.061935 0.00056495299926973
8.25 4 6.54213 0.0664886 0.00048878979318255
8.25 5 8.20313 0.0694811 0.00047271341346253
8.25 6 9.69762 0.0709057 0.00065128976439417
8.25 7 11.3755 0.0716321 0.00066500871427101
8.25 8 12.9584 0.0714316 0.00069794698341402
8.25 9 14.5998 0.0709543 0.00065727832113991
8.25 10 16.165 0.069934 0.00061573091475881
8.25 11 17.775 0.0687436 0.00062077394736527
8.25 12 19.3169 0.0678772 0.00051971998415578
8.25 13 21.0505 0.0666258 0.00049685608453036
8.25 14 22.5953 0.065473 0.00047653034008091
8.25 15 24.2882 0.0645969 0.00046612709171725
8.5 1 2 0.0402171 0.00053594350014606
8.5 2 3.1748 0.0529182 0.00039961667495764
8.5 3 5.14256 0.0646997 0.00055993930263562
8.5 4 6.54213 0.0692861 0.00047673043675226
8.5 5 8.20313 0.0728334 0.00046375195859746
8.5 6 9.69762 0.0742201 0.00055893199846161
8.5 7 11.3755 0.0752627 0.00066117281980993
8.5 8 12.9584 0.0753121 0.00054884871547904
8.5 9 14.5998 0.0746516 0.000620739657089
8.5 10 16.165 0.0738816 0.00054317480296869
8.5 11 17.775 0.0727905 0.00056630597355623
8.5 12 19.3169 0.0716253 0.00051539760384731
8.5 13 21.0505 0.070403 0.00048142368885197
8.5 14 22.5953 0.0693644 0.00045421036306364
8.5 15 24.2882 0.0683618 0.00038666791714306
8.75 1 2 0.0417308 0.0004356077590276
8.75 2 3.1748 0.0548451 0.00033933896820579
8.75 3 5.14256 0.0674337 0.00052616627375357
8.75 4 6.54213 0.0730566 0.00053455569697026
8.75 5 8.20313 0.0767719 0.00046460243027147
8.75 6 9.69762 0.0786945 0.00060608434545229
8.75 7 11.3755 0.0798485 0.00061949299330628
8.75 8 12.9584 0.0797999 0.00063079369971587
8.75 9 14.5998 0.0790933 0.00066678131210073
8.75 10 16.165 0.0782859 0.00070986889197257
8.75 11 17.775 0.0774125 0.00062696311196407
8.75 12 19.3169 0.0763691 0.00055135540604142
8.75 13 21.0505 0.0749409 0.00049442889166627
8.75 14 22.5953 0.0738216 0.00046370886271099
8.75 15 24.2882 0.0723424 0.00048389182999759
9 1 2 0.0441935 0.00055005841451247
9 2 3.1748 0.0580836 0.00047527234727393
9 3 5.14256 0.0713472 0.00052130354436838
9 4 6.54213 0.077107 0.00045989310579399
9 5 8.20313 0.0812831 0.00053822064425655
9 6 9.69762 0.083074 0.00054836293085587
9 7 11.3755 0.0843282 0.00070717468444745
9 8 12.9584 0.0843481 0.00069762473977751
9 9 14.5998 0.084045 0.00069960928214271
9 10 16.165 0.0831745 0.00072034701885438
9 11 17.775 0.0822476 0.00064103809320662
9 12 19.3169 0.0810911 0.00060074678866962
9 13 21.0505 0.0799125 0.00056219547587948
9 14 22.5953 0.0784431 0.00056478766008963
9 15 24.2882 0.0774196 0.00056459858476645
9.25 1 2 0.0457293 0.00064437156885863
9.25 2 3.1748 0.0605038 0.00046425057994796
9.25 3 5.14256 0.0742563 0.00055647432553141
9.25 4 6.54213 0.0805405 0.00052614506765527
9.25 5 8.20313 0.0847677 0.00061313608890675
9.25 6 9.69762 0.0871147 0.00064754242335195
9.25 7 11.3755 0.088481 0.00071866666747072
9.25 8 12.9584 0.0889992 0.00068425956561067
9.25 9 14.5998 0.0885107 0.00076439697896535
9.25 10 16.165 0.0877925 0.00073094912684492
9.25 11 17.775 0.0866293 0.00079753438011908
9.25 12 19.3169 0.0857425 0.00067044305154722
9.25 13 21.0505 0.0844213 0.00069262024523624
9.25 14 22.5953 0.0833714 0.00062570195891816
9.25 15 24.2882 0.0819054 0.00066598662318607
9.5 1 2 0.0470026 0.00062752791770699
9.5 2 3.1748 0.062189 0.00063674019382712
9.5 3 5.14256 0.0775804 0.00065668878143936
9.5 4 6.54213 0.0836171 0.00065281388600897
9.5 5 8.20313 0.0883177 0.00069652539730319
9.5 6 9.69762 0.090826 0.00088127479451027
9.5 7 11.3755 0.0922623 0.0010181917102584
9.5 8 12.9584 0.093278 0.00089229391395685
9.5 9 14.5998 0.0928558 0.0010293459228474
9.5 10 16.165 0.0921623 0.001041682966404
9.5 11 17.775 0.0912224 0.00097675873949801
9.5 12 19.3169 0.090181 0.00097531308163577
9.5 13 21.0505 0.0886974 0.00094302407512504
9.5 14 22.5953 0.087346 0.00093775791954287
9.5 15 24.2882 0.086168 0.0008433746633817
9.75 1 2 0.049119 0.00063219206390117
9.75 2 3.1748 0.0646872 0.00057184479429758
9.75 3 5.14256 0.0802516 0.00085169564187042
9.75 4 6.54213 0.0871447 0.00073291021626699
9.75 5 8.20313 0.0925973 0.00078692870907199
9.75 6 9.69762 0.0952049 0.00093746425150706
9.75 7 11.3755 0.0971332 0.001050856674797
9.75 8 12.9584 0.0979452 0.001061578573008
9.75 9 14.5998 0.0979315 0.00098502887537992
9.75 10 16.165 0.0973508 0.0009455588179083
9.75 11 17.775 0.0963931 0.00093676987541423
9.75 12 19.3169 0.0954819 0.00082785413115378
9.75 13 21.0505 0.0941898 0.00091260570414772
9.75 14 22.5953 0.093024 0.00085281103252739
9.75 15 24.2882 0.0916384 0.00082718685021924
10 1 2 0.0506972 0.00052121773225723
10 2 3.1748 0.0672771 0.00071209678678482
10 3 5.14256 0.0838309 0.00080821888630708
10 4 6.54213 0.0914485 0.00084233833016869
10 5 8.20313 0.0963801 0.00074549892756216
10 6 9.69762 0.0998767 0.00085928981398212
10 7 11.3755 0.101881 0.0011948759496746
10 8 12.9584 0.103011 0.001106892504067
10 9 14.5998 0.103064 0.0010430333336737
10 10 16.165 0.102821 0.0010668739839124
10 11 17.775 0.102105 0.00099774030823793
10 12 19.3169 0.100928 0.0011322309024147
10 13 21.0505 0.0998526 0.0008396838854815
10 14 22.5953 0.0984849 0.00084852303260608
10 15 24.2882 0.0971475 0.00092371769956975
10.25 1 2 0.0523183 0.0006997864389641
10.25 2 3.1748 0.0697173 0.00058898823005258
10.25 3 5.14256 0.0867661 0.00059077548080686
10.25 4 6.54213 0.094365 0.00071431737957334
10.25 5 8.20313 0.0996364 0.00086926506675766
10.25 6 9.69762 0.102949 0.00089892422683749
10.25 7 11.3755 0.105353 0.0009498485488244
10.25 8 12.9584 0.10616 0.0011175767591095
10.25 9 14.5998 0.106597 0.00093892579085625
10.25 10 16.165 0.106434 0.00090646428499561
10.25 11 17.775 0.105733 0.00090866399395628
10.25 12 19.3169 0.104871 0.00094193936408387
10.25 13 21.0505 0.103789 0.00088222761593317
10.25 14 22.5953 0.102707 0.00084242896582409
10.25 15 24.2882 0.101155 0.00088592417318138
10.5 1 2 0.0540257 0.00065758293515489
10.5 2 3.1748 0.0723529 0.00047018179079024
10.5 3 5.14256 0.0901968 0.0007642406035147
10.5 4 6.54213 0.0978972 0.00076454871340711
10.5 5 8.20313 0.104183 0.00098000586932884
10.5 6 9.69762 0.108011 0.00095599429789414
10.5 7 11.3755 0.110473 0.0011499972825968
10.5 8 12.9584 0.11173 0.0011008905929495
10.5 9 14.5998 0.111895 0.0011757836814707
10.5 10 16.165 0.111644 0.0011878887850571
10.5 11 17.775 0.11109 0.001180153434444
10.5 12 19.3169 0.110357 0.0011088109129243
10.5 13 21.0505 0.109143 0.0012061273253893
10.5 14 22.5953 0.108196 0.0011734379577386
10.5 15 24.2882 0.106935 0.0010996069344005
10.75 1 2 0.0558386 0.00069818021226196
10.75 2 3.1748 0.0747023 0.00071291470785717
10.75 3 5.14256 0.0932256 0.000899575252629
10.75 4 6.54213 0.101736 0.0011375828609899
10.75 5 8.20313 0.107917 0.0011336641109306
10.75 6 9.69762 0.111736 0.0011407030881139
10.75 7 11.3755 0.114792 0.00114569210114
10.75 8 12.9584 0.115934 0.0012747058484392
10.75 9 14.5998 0.116724 0.001330359120886
10.75 10 16.165 0.116785 0.0011921358523769
10.75 11 17.775 0.116332 0.0013876888384918
10.75 12 19.3169 0.11555 0.0013785258558211
10.75 13 21.0505 0.114528 0.001230224803191
10.75 14 22.5953 0.113332 0.0012774071945218
10.75 15 24.2882 0.111992 0.0013766501249163
11 1 2 0.0580834 0.00075411179709263
11 2 3.1748 0.0780362 0.00083551105768792
11 3 5.14256 0.0973684 0.0010505372439894
11 4 6.54213 0.106067 0.0011270402333126
11 5 8.20313 0.112814 0.0010877903707242
11 6 9.69762 0.116947 0.001223243998118
11 7 11.3755 0.11997 0.0013329636857374
11 8 12.9584 0.121436 0.0013762972573451
11 9 14.5998 0.12226 0.0012711081917486
11 10 16.165 0.122591 0.0011885115839607
11 11 17.775 0.122247 0.0013409605130744
11 12 19.3169 0.121916 0.0012761621312119
11 13 21.0505 0.120769 0.0012703156595656
11 14 22.5953 0.119861 0.0013730760190033
11 15 24.2882 0.118644 0.0013378191572562
11.25 1 2 0.0589911 0.00066730946015688
11.25 2 3.1748 0.0793131 0.00057471286853809
11.25 3 5.14256 0.100405 0.00058865027023823
11.25 4 6.54213 0.109606 0.00092797662954407
11.25 5 8.20313 0.116759 0.00095502074787615
11.25 6 9.69762 0.120784 0.00089519014212416
11.25 7 11.3755 0.124184 0.0008854288883915
11.25 8 12.9584 nan nan
11.25 9 14.5998 nan nan
11.25 10 16.165 0.126815 0.0010089188694844
11.25 11 17.775 0.127007 0.0011328244309851
11.25 12 19.3169 0.12614 0.0012904413988342
11.25 13 21.0505 0.125077 0.0011865460395418
11.25 14 22.5953 0.124151 0.0011942961855738
11.25 15 24.2882 0.12255 0.0014249062263633
11.5 1 2 0.0614046 0.00086267696008833
11.5 2 3.1748 0.0828546 0.00060894974395926
11.5 3 5.14256 0.103107 0.0009067516284105
11.5 4 6.54213 0.112948 0.0011044516898119
11.5 5 8.20313 0.120145 0.0011640222895429
11.5 6 9.69762 0.124539 0.0011699108289217
11.5 7 11.3755 0.128653 0.0014672272758246
11.5 8 12.9584 0.130592 0.0015220023624882
11.5 9 14.5998 0.131706 0.0014957288409192
11.5 10 16.165 0.132406 0.0014467594446262
11.5 11 17.775 0.132384 0.0015282434578681
11.5 12 19.3169 0.131724 0.0017437048381436
11.5 13 21.0505 0.130608 0.0017354406185484
11.5 14 22.5953 0.129493 0.0016337682968151
11.5 15 24.2882 0.128321 0.0015859801041222
11.75 1 2 0.0636699 0.00078964615740682
11.75 2 3.1748 0.0851415 0.00076107611315889
11.75 3 5.14256 0.107048 0.00081923539998012
11.75 4 6.54213 0.116647 0.0006683175734135
11.75 5 8.20313 0.124534 0.0010526649217694
11.75 6 9.69762 0.129571 0.0012530798620103
11.75 7 11.3755 0.133383 0.0012350892237314
11.75 8 12.9584 0.135912 0.0014820899319603
11.75 9 14.5998 0.137374 0.0014208689916347
11.75 10 16.165 0.137945 0.0014004098730483
11.75 11 17.775 0.138067 0.0014418276162919
11.75 12 19.3169 0.137815 0.0014979363929741
11.75 13 21.0505 0.137145 0.0015748016987915
11.75 14 22.5953 0.135968 0.0016846804048269
11.75 15 24.2882 0.134568 0.0016423381591065
12 1 2 0.064741 0.00082298472857227
12 2 3.1748 0.0875709 0.00086525599051533
12 3 5.14256 nan nan
12 4 6.54213 0.120562 0.0010357051209665
12 5 8.20313 0.128921 0.0011159036416732
12 6 9.69762 0.134367 0.0011266927889167
12 7 11.3755 0.138272 0.0015724859212974
12 8 12.9584 0.14066 0.0015088861591704
12 9 14.5998 0.142312 0.001461626582138
12 10 16.165 0.143055 0.0015629622566096
12 11 17.775 0.143308 0.0016473597484185
12 12 19.3169 0.142965 0.0015737466553336
12 13 21.0505 0.141919 0.0015818714502446
12 14 22.5953 0.140572 0.0016675301018792
12 15 24.2882 0.139239 0.0016341392336664
