0 0
0.1 0 
0.2 0 
0.3 0 
0.4 0 
0.5 0 
0.6 0 
0.7 0 
0.8 0 
0.9 8 
1 8 
1.1 8 
1.2 8 
1.3 8 
1.4 8 
1.5 8 
1.6 8 
1.7 32 
1.8 32 
1.9 32 
2 32 
2.1 32 
2.2 56 
2.3 56 
2.4 56 
2.5 56 
2.6 88 
2.7 88 
2.8 88 
2.9 88 
3 136 
3.1 136 
3.2 136 
3.3 160 
3.4 160 
3.5 160 
3.6 208 
3.7 208 
3.8 208 
3.9 280 
4 280 
4.1 304 
4.2 304 
4.3 304 
4.4 360 
4.5 360 
4.6 432 
4.7 432 
4.8 480 
4.9 480 
5 552 
5.1 552 
5.2 624 
5.3 624 
5.4 672 
5.5 672 
5.6 720 
5.7 720 
5.8 840 
5.9 912 
6 912 
6.1 968 
6.2 968 
6.3 1064 
6.4 1088 
6.5 1088 
6.6 1208 
6.7 1328 
6.8 1328 
6.9 1376 
7 1472 
7.1 1472 
7.2 1568 
7.3 1640 
7.4 1736 
7.5 1736 
7.6 1856 
7.7 1904 
7.8 2008 
7.9 2008 
8 2176 
8.1 2272 
8.2 2320 
8.3 2440 
8.4 2440 
8.5 2512 
8.6 2608 
8.7 2800 
8.8 2872 
8.9 3016 
9 3112 
9.1 3184 
9.2 3184 
9.3 3328 
9.4 3448 
9.5 3544 
9.6 3648 
9.7 3840 
9.8 3912 
9.9 4032 
10 4224 
10.1 4272 
10.2 4416 
10.3 4632 
10.4 4680 
10.5 4776 
10.6 4896 
10.7 5040 
10.8 5232 
10.9 5520 
11 5616 
11.1 5832 
11.2 5904 
11.3 6008 
11.4 6152 
11.5 6272 
11.6 6488 
11.7 6776 
11.8 6872 
11.9 7088 
12 7208 
12.1 7400 
12.2 7664 
12.3 7784 
12.4 8024 
12.5 8144 
12.6 8480 
12.7 8552 
12.8 8744 
12.9 9008 
13 9328 
13.1 9448 
13.2 9568 
13.3 9952 
13.4 10048 
13.5 10144 
13.6 10552 
13.7 10768 
13.8 11056 
13.9 11296 
14 11536 
14.1 11752 
14.2 11992 
14.3 12160 
14.4 12568 
14.5 12712 
14.6 13096 
14.7 13264 
14.8 13704 
14.9 13776 
15 14328 
15.1 14400 
15.2 14832 
15.3 15000 
15.4 15312 
15.5 15408 
15.6 15984 
15.7 16176 
15.8 16560 
15.9 16944 
16 17256 
16.1 17592 
16.2 17784 
16.3 18048 
16.4 18504 
16.5 18656 
16.6 19208 
16.7 19640 
16.8 19760 
16.9 20336 
17 20672 
17.1 20840 
17.2 21368 
17.3 21776 
17.4 22256 
17.5 22400 
17.6 22784 
17.7 23240 
17.8 23744 
17.9 23984 
18 24464 
18.1 24920 
18.2 25288 
18.3 25768 
18.4 25912 
18.5 26344 
18.6 27016 
18.7 27400 
18.8 27832 
18.9 28480 
19 28768 
19.1 29344 
19.2 29464 
19.3 29992 
19.4 30592 
19.5 30976 
19.6 31408 
19.7 32104 
19.8 32344 
19.9 32968 
20 33552 
