.00012500000000000000 0.933559346382377 0.969330740260967 2.1829937876813
.00137500000000000000 0.952282675288262 0.98484781738009 1.99365782989571
.00262500000000000000 0.956769074810317 0.984599243747632 0.845546333935773
.00387500000000000000 0.959421955304061 0.991657095679181 1.22904984544144
.00512500000000000000 0.961803810728866 0.981411263119848 1.25729079537417
.00637500000000000000 0.96324439051644 0.983228465736466 0.741550385262388
.00762500000000000000 0.964310981323929 0.989381762131281 0.889986379676296
.00887500000000000000 0.965105271175284 0.99574154745065 0.683367793806981
.01012500000000000000 0.96587077518878 0.997568645044389 0.547560409279962
.01137500000000000000 0.966439177449931 1.00589901203205 0.333212865209944
.01262500000000000000 0.966999915947929 1.00922556734445 0.418751214213538
.01387500000000000000 0.967590484827318 1.00997781852539 0.387943995115374
.01512500000000000000 0.967906379020118 1.01483329334214 0.408548016035971
.01637500000000000000 0.968486997747754 1.01488170628981 0.404597484018532
.01762500000000000000 0.968954330924512 1.01585286706673 0.342907103486058
.01887500000000000000 0.96927829615643 1.02072523687213 0.469939466949902
.02012500000000000000 0.969835268715613 1.01609717627175 0.560125480473859
.02137500000000000000 0.970207023844143 1.01640540430056 0.33090054474871
.02262500000000000000 0.970451759241377 1.02098971368413 0.537913087459516
.02387500000000000000 0.970820717389798 1.01986414650577 0.752497331078315
.02512500000000000000 0.971156730155444 1.01982690183548 0.580102103995153
.02637500000000000000 0.971457616242072 1.02102002126777 0.579431012419217
.02762500000000000000 0.971770707951078 1.02223218873264 0.818984201802641
.02887500000000000000 0.971992644729812 1.02353626094084 0.724639588237804
.03012500000000000000 0.972293397639287 1.02357464912757 0.67505810468201
.03137500000000000000 0.972545023477321 1.02351509011505 0.591803207096766
.03262500000000000000 0.972727252249103 1.02595691433227 0.604499427851726
.03387500000000000000 0.97297843384055 1.02464181418599 0.43855987076889
.03512500000000000000 0.973184525092919 1.02494849360345 0.430301280149374
.03637500000000000000 0.973369591048599 1.0263633878202 0.456995684411539
.03762500000000000000 0.973633947207658 1.02444926963303 0.392355520050628
.03887500000000000000 0.973835069781457 1.02344285343341 0.418289297336054
.04012500000000000000 0.974039443200294 1.02499394287053 0.375922637489389
.04137500000000000000 0.974234113737206 1.02591285872803 0.308021451315368
.04262500000000000000 0.974320267167632 1.02921922556162 0.406275005813112
.04387500000000000000 0.974548675344397 1.02831030981557 0.394472668093739
.04512500000000000000 0.974697456903519 1.02927865750951 0.288904779454714
.04637500000000000000 0.974913231530134 1.02849231019623 0.360176199129296
.04762500000000000000 0.975123173921248 1.0275352067667 0.304764986211679
.04887500000000000000 0.975211578658656 1.02936548565177 0.289296867530197
.05012500000000000000 0.975332210757152 1.03075337814463 0.352846203427928
.05137500000000000000 0.975482603817806 1.03077708565095 0.408790338376913
.05262500000000000000 0.975640610930177 1.03043985601038 0.484378777165774
.05387500000000000000 0.975778981632778 1.03056904050123 0.722276368835205
.05512500000000000000 0.975875061881991 1.03264411536303 0.809024861993646
.05637500000000000000 0.976042197216076 1.03236651831727 0.780334176466984
.05762500000000000000 0.976172243532032 1.03292522553305 0.653083616288196
.05887500000000000000 0.976278501217253 1.03350381357711 0.424420392702685
.06012500000000000000 0.976469724489315 1.03120953921009 0.667342388304396
.06137500000000000000 0.976590948139293 1.03237403882633 0.554645758303998
.06262500000000000000 0.976714610714113 1.03238892561466 0.538684057334754
.06387500000000000000 0.97683989848328 1.0324004588632 0.498323568229249
.06512500000000000000 0.976926922766545 1.03342907500305 0.356868036972469
.06637500000000000000 0.977061964822467 1.03330429930919 0.365998183229277
.06762500000000000000 0.977185979471423 1.03310642259054 0.394404887050516
.06887500000000000000 0.977337297788918 1.03223890115989 0.337572804920899
.07012500000000000000 0.977468923332522 1.03177345295223 0.353621121647764
.07137500000000000000 0.977560662870442 1.03271471908662 0.271882088278755
.07262500000000000000 0.977650876022424 1.03225753987669 0.268607347489441
.07387500000000000000 0.977748742706085 1.03317001526732 0.380142862717059
.07512500000000000000 0.977863814820897 1.03193469261198 0.47181003216111
.07637500000000000000 0.977970866323115 1.03182939570032 0.513080069179444
.07762500000000000000 0.978069185972883 1.03193340554585 0.392176896962215
.07887500000000000000 0.978153138632464 1.03258302589504 0.352089800382655
.08012500000000000000 0.978263015286801 1.03188209085744 0.331243105525683
.08137500000000000000 0.97836840607573 1.0312197363818 0.285406331273186
.08262500000000000000 0.978461263150913 1.03163331215887 0.39053077479535
.08387500000000000000 0.978565353927362 1.0317464771444 0.302467634319669
.08512500000000000000 0.978670509289848 1.02976047744423 0.256081079106613
.08637500000000000000 0.978777957497933 1.02840225178101 0.229720583764149
.08762500000000000000 0.978880008608482 1.02866349737841 0.236670060141285
.08887500000000000000 0.978954605678362 1.02880423475921 0.175772153243388
.09012500000000000000 0.97904868789593 1.0280936509025 0.129661434000649
.09137500000000000000 0.979111721039214 1.02934570683825 0.174448904468237
.09262500000000000000 0.979177590510802 1.03010946165383 0.123979302675962
.09387500000000000000 0.979238517782056 1.0317368442572 0.124736525237725
.09512500000000000000 0.979301834695656 1.03318087449997 0.115471745034805
.09637500000000000000 0.979374636263964 1.03293425170457 0.0812653455773445
.09762500000000000000 0.979443581684633 1.03243097517771 0.097724580751541
.09887500000000000000 0.979512320461976 1.03294377202204 0.0721961609851571
.10012500000000000000 0.979611149779689 1.03190933567822 0.0689284123097398
.10137500000000000000 0.979673646920684 1.03268346549521 0.0509037718252146
.10262500000000000000 0.979733772321092 1.03368997196447 0.038015861368685
.10387500000000000000 0.979807312992204 1.03370201042895 0.0539862523176781
.10512500000000000000 0.979882856612445 1.03413917428127 0.0804168909538072
.10637500000000000000 0.97993843444947 1.03536309597065 0.127763789701116
.10762500000000000000 0.979994387417101 1.03549069879952 0.103533052960898
.10887500000000000000 0.980038776669694 1.03761140961829 0.118594775981395
.11012500000000000000 0.980094743608682 1.03880587785795 0.141076718981172
.11137500000000000000 0.980182904409237 1.03792732690727 0.133194259713754
.11262500000000000000 0.980232395245597 1.03861574670828 0.132870081701642
.11387500000000000000 0.980295790058935 1.03921579273351 0.180187611626803
.11512500000000000000 0.980376371047663 1.03778721758197 0.172739181337811
.11637500000000000000 0.980416370586437 1.03898527793623 0.177333139194754
.11762500000000000000 0.980473557908565 1.03945654336069 0.210994537000216
.11887500000000000000 0.980520312878937 1.04052601288176 0.175205895780687
.12012500000000000000 0.980577898291922 1.04102971441513 0.202029784320449
.12137500000000000000 0.980632120327415 1.04202170811395 0.239439551440394
.12262500000000000000 0.980723612200273 1.04081008503146 0.279361543398416
.12387500000000000000 0.98077457638191 1.04135027273911 0.160764518398036
.12512500000000000000 0.980831244585877 1.041591673691 0.183758483670402
.12637500000000000000 0.980898127038127 1.04065948623265 0.151954540016265
.12762500000000000000 0.980941320857201 1.04198139127551 0.151671711450654
.12887500000000000000 0.981014431174377 1.04051784978016 0.195124267596928
.13012500000000000000 0.981084299864825 1.03903179832939 0.194612378339512
.13137500000000000000 0.981146310252607 1.0392401750019 0.182083834579429
.13262500000000000000 0.981208249462038 1.03912679388523 0.213082845866948
.13387500000000000000 0.981267653018952 1.03912060561745 0.235526143275803
.13512500000000000000 0.981334664650312 1.03843540914575 0.212078112670521
.13637500000000000000 0.981377287673424 1.03985933959412 0.189187856032566
.13762500000000000000 0.981441273637413 1.03844750051139 0.199862821768461
.13887500000000000000 0.981488496667063 1.03902304262237 0.19276262622325
.14012500000000000000 0.981530202433026 1.04030821527972 0.211464184852008
.14137500000000000000 0.981590130765758 1.0402238505848 0.237564928960146
.14262500000000000000 0.981659065458979 1.03813721671508 0.223175122835418
.14387500000000000000 0.981713459260772 1.0381435020018 0.228474633464907
.14512500000000000000 0.981769755901384 1.03802749478045 0.220670209971329
.14637500000000000000 0.981826961712692 1.03759173182922 0.250086303435223
.14762500000000000000 0.981881646232433 1.03638826407816 0.241658041405166
.14887500000000000000 0.981916634087479 1.03757390115775 0.269174758461709
.15012500000000000000 0.981972712232605 1.0380841463574 0.252095268472028
.15137500000000000000 0.982032998080834 1.03685172802068 0.241660601243151
.15262500000000000000 0.982070828846678 1.0374168588643 0.272407635195678
.15387500000000000000 0.98210809948951 1.03825273372363 0.260888148244474
.15512500000000000000 0.982156351677178 1.03890877630041 0.310147020999346
.15637500000000000000 0.982194330427951 1.04006607478077 0.253676202437954
.15762500000000000000 0.982232812467055 1.04092792858601 0.25617408582817
.15887500000000000000 0.982273273888373 1.04154840537316 0.285463040478851
.16012500000000000000 0.982338552015578 1.04063386381278 0.308247505744265
.16137500000000000000 0.982381618039304 1.04077989436562 0.268261473966468
.16262500000000000000 0.982433420521054 1.04063044934416 0.261077581081465
.16387500000000000000 0.982457199247929 1.04244220909608 0.239071374202423
.16512500000000000000 0.982507681612134 1.0421062710719 0.245714411524146
.16637500000000000000 0.982547198916754 1.04252873568656 0.244680253953436
.16762500000000000000 0.982593976596887 1.04289605606491 0.251679188872863
.16887500000000000000 0.982649758048889 1.04186761005696 0.22928825081994
.17012500000000000000 0.982699112434599 1.04129919363117 0.152057080462197
.17137500000000000000 0.982733336095296 1.0419176215372 0.192452937467229
.17262500000000000000 0.982778747650324 1.04185855003933 0.147352984062694
.17387500000000000000 0.982815178069626 1.04251582991961 0.163902461644496
.17512500000000000000 0.982857583540856 1.04375222730024 0.185117158585911
.17637500000000000000 0.982892349848433 1.04475688441692 0.187745575306959
.17762500000000000000 0.982929903540909 1.04459201836348 0.168860148505361
.17887500000000000000 0.982976154101079 1.04428184827529 0.228379536366195
.18012500000000000000 0.983027483386107 1.04281323891331 0.217954236948928
.18137500000000000000 0.983077114491435 1.04219133961473 0.21399422243946
.18262500000000000000 0.983120518501773 1.04167894918643 0.236335792022576
.18387500000000000000 0.983159360863441 1.04123222530283 0.236395627862438
.18512500000000000000 0.983195626807374 1.04184777712716 0.271082924985365
.18637500000000000000 0.983234932295504 1.04176199117688 0.232256944716541
.18762500000000000000 0.983286846841496 1.04062156877267 0.239533343970947
.18887500000000000000 0.983315142418932 1.042390823779 0.202515714241727
.19012500000000000000 0.983346935375712 1.04362678236223 0.170308006789683
.19137500000000000000 0.98337735196556 1.04476402201705 0.149841072310489
.19262500000000000000 0.983411681812234 1.04546344228615 0.162105035188175
.19387500000000000000 0.983445930188813 1.0463681203881 0.148814888251342
.19512500000000000000 0.983472532382528 1.04765068688095 0.129177682807501
.19637500000000000000 0.983503139627535 1.04983427263399 0.137835638643127
.19762500000000000000 0.983544295592546 1.05030996134712 0.124596835391947
.19887500000000000000 0.983581249145314 1.05108151264901 0.084763580825244
.20012500000000000000 0.983613075189517 1.05154617240743 0.0829985865114477
.20137500000000000000 0.98364544260607 1.05348752512054 0.0963181996333834
.20262500000000000000 0.983681850369513 1.05410066951899 0.087203572768995
.20387500000000000000 0.983720221990665 1.05396963078733 0.071347480166647
.20512500000000000000 0.983759796472436 1.05422080582432 0.0627700316341661
.20637500000000000000 0.983795549589795 1.05475731135669 0.0690171645383494
.20762500000000000000 0.983828735343748 1.05509871170567 0.0647149748889825
.20887500000000000000 0.983863224123498 1.05578478309561 0.0537150142196091
.21012500000000000000 0.983894980192882 1.05587936185869 0.078046198089379
.21137500000000000000 0.983934526103971 1.05517537849032 0.0611649088724311
.21262500000000000000 0.983978532799413 1.05344578513182 0.0722574632741375
.21387500000000000000 0.984014649348772 1.05344194459082 0.0715858216874693
.21512500000000000000 0.984046744561519 1.05365903500948 0.0552806748243915
.21637500000000000000 0.984081207119934 1.05406172731613 0.0614799633931984
.21762500000000000000 0.984119224629217 1.05347313757321 0.0548595367543482
.21887500000000000000 0.984144911723151 1.05467309710817 0.0706212025338567
.22012500000000000000 0.984173804500188 1.05619568131827 0.0499243399825085
.22137500000000000000 0.984204589275348 1.05638746155566 0.0475527763159113
.22262500000000000000 0.984236051632076 1.05658474974941 0.0328807328579716
.22387500000000000000 0.984265115730012 1.05736159427643 0.0218942329965674
.22512500000000000000 0.984296284374005 1.0579065548315 0.0315016936045828
.22637500000000000000 0.984324619832385 1.05938666247475 0.0426798323704495
.22762500000000000000 0.984370253019771 1.05851764007944 0.0383828133943944
.22887500000000000000 0.984402726815504 1.05901289720484 0.0466811272385192
.23012500000000000000 0.984441632592576 1.05858837034002 0.0400226495569284
.23137500000000000000 0.984468311445755 1.06039415121778 0.0666093881214221
.23262500000000000000 0.984497275109242 1.06068119911852 0.0878691052213483
.23387500000000000000 0.984538744067828 1.05961805264676 0.0739645968080947
.23512500000000000000 0.984567095302488 1.06001757709037 0.0635279199175745
.23637500000000000000 0.984607340055675 1.0584655018514 0.0789413705697123
.23762500000000000000 0.984639025575331 1.0591033294454 0.0865820075767133
.23887500000000000000 0.984676397920524 1.05869259384124 0.0765874998865836
.24012500000000000000 0.984715886995234 1.05736374753379 0.0600486721862638
.24137500000000000000 0.984745697052954 1.05780066960897 0.0560252921416418
.24262500000000000000 0.984773235226738 1.05837461909854 0.0515658307025341
.24387500000000000000 0.984800985001927 1.05960617867114 0.0642599735690673
.24512500000000000000 0.984831351971653 1.06017043156714 0.0826048657784762
.24637500000000000000 0.984860432610435 1.06117587699921 0.0520409536727387
.24762500000000000000 0.984890297919883 1.06085606274314 0.0464259007064034
.24887500000000000000 0.984913756202227 1.06321259751039 0.0475380573844893
.25012500000000000000 0.98494489949035 1.06379292707288 0.0447974090440756
.25137500000000000000 0.984966967018081 1.06553998726552 0.0351146252114685
.25262500000000000000 0.984997263905857 1.06498625464683 0.0452910045870469
.25387500000000000000 0.985029062482362 1.06516116996586 0.0428696686803341
.25512500000000000000 0.985052749977634 1.0674110228866 0.0399301581502667
.25637500000000000000 0.985076753583187 1.06947452484516 0.0343408890126625
.25762500000000000000 0.985114954482461 1.06888475705531 0.0429453841635802
.25887500000000000000 0.98513889049388 1.07103159560673 0.047864514415323
.26012500000000000000 0.985161268237622 1.07281326960931 0.0513103489201877
.26137500000000000000 0.985196457087678 1.07162058405744 0.0539672709239362
.26262500000000000000 0.985237060281903 1.06927304676196 0.0531128372126871
.26387500000000000000 0.985259571703453 1.07113165316539 0.0477761223404085
.26512500000000000000 0.985284477086459 1.07152785652877 0.0367030936722974
.26637500000000000000 0.985306523651475 1.07408702448682 0.0308102997614627
.26762500000000000000 0.98533469277014 1.07509002627689 0.022302235509133
.26887500000000000000 0.985357296480192 1.07686299027272 0.0208163658844994
.27012500000000000000 0.985387617056148 1.07730754876915 0.0148157265230417
.27137500000000000000 0.985414527101149 1.07783775925327 0.0155696090807506
.27262500000000000000 0.985440412920515 1.07952216817076 0.0136965343087322
.27387500000000000000 0.985461101083098 1.08318928432559 0.0118622468674726
.27512500000000000000 0.985492414479325 1.08351033678352 0.00527783341328824
.27637500000000000000 0.985516751831612 1.08520884500179 0.00528068956038805
.27762500000000000000 0.985546949349733 1.08451570254171 0.00558658697332973
.27887500000000000000 0.985573910955539 1.08595139137482 0.00453629779016263
.28012500000000000000 0.985603961160762 1.08530314125558 0.0058713058924866
.28137500000000000000 0.985629829894521 1.08500144928517 0.00639427792976319
.28262500000000000000 0.985656749961744 1.08481147327397 0.00328867665240713
.28387500000000000000 0.985678146529174 1.08689655158342 0.00388848282601624
.28512500000000000000 0.985699098471895 1.08955704294065 0.00614454828147119
.28637500000000000000 0.985727072097317 1.0896488499934 0.00327806501030395
.28762500000000000000 0.985756809028045 1.08792781052418 0.00115154378056001
.28887500000000000000 0.985783629582347 1.08842843823497 2.47820716236656e-05
.29012500000000000000 0.985816876279475 1.08632948336594 0.000212824403312497
.29137500000000000000 0.985844519443831 1.08671404961191 0.00234642059981394
.29262500000000000000 0.98586957537247 1.08891886742493 0.00276435214224532
.29387500000000000000 0.985891034036824 1.0908418402332 0.0038339824963984
.29512500000000000000 0.985912999903092 1.0936949591055 0.0032947467085193
.29637500000000000000 0.985935167819912 1.09753990661367 0.00536771993784631
.29762500000000000000 0.985957866562587 1.10015116263288 0.00674025404274115
.29887500000000000000 0.985981111605849 1.1036820059157 0.00343148219076623
.30012500000000000000 0.986005319268724 1.1064620912486 0.00592408628665157
.30137500000000000000 0.986027720794905 1.11117255221574 0.011963830007042
.30262500000000000000 0.986048519796101 1.11446350629288 0.00759117239360577
.30387500000000000000 0.986071919707933 1.11685243898106 0.0151100971842665
.30512500000000000000 0.986093588442549 1.12123412714201 0.0154133009313386
.30637500000000000000 0.986116055990579 1.12421394852147 0.0105390222766961
.30762500000000000000 0.986140171226279 1.12603074718446 0.00665826181509429
.30887500000000000000 0.9861639986733 1.12857253219755 0.00700355994247909
.31012500000000000000 0.986189068321608 1.13396339710057 0.00911306925453093
.31137500000000000000 0.986221600939782 1.13428011677386 0.0113322229839731
.31262500000000000000 0.986245400946619 1.13873138777366 0.0145657883887922
.31387500000000000000 0.986265061705243 1.14416958675489 0.00949547178040261
.31512500000000000000 0.986292426075736 1.14377706168112 0.00532382573090997
.31637500000000000000 0.986315485811491 1.14806505111736 0.00497557774604803
.31762500000000000000 0.986337978514633 1.15327481449747 0.00356972666039914
.31887500000000000000 0.986360418222364 1.15902825226011 0.00422861325916176
.32012500000000000000 0.986383210243351 1.16434634347837 0.00288869183944533
.32137500000000000000 0.986413203729243 1.16313454693116 0.00631203181153975
.32262500000000000000 0.986437950257807 1.16602804504517 0.00934807132321148
.32387500000000000000 0.986463008991363 1.17013791666446 0.0101453390484435
.32512500000000000000 0.986488196016491 1.173641026932 0.0145088903503068
.32637500000000000000 0.986516830069813 1.17013858165097 0.0106226831417057
.32762500000000000000 0.986539245539681 1.17751990473637 0.0109559749811531
.32887500000000000000 0.986561073500205 1.1854617852568 0.011154091738036
.33012500000000000000 0.986583310815818 1.19199993317854 0.0174809887744972
.33137500000000000000 0.986608119215793 1.19562801943134 0.0220052438983993
.33262500000000000000 0.986631336913283 1.20000404680568 0.0182434914603012
.33387500000000000000 0.986654773100492 1.20544222540166 0.0236462068906118
.33512500000000000000 0.986672443298701 1.22461397228599 0.0240477197563992
.33637500000000000000 0.98669668841709 1.23435178281911 0.0223555824802483
.33762500000000000000 0.986723973939761 1.23887250965971 0.028336110686357
.33887500000000000000 0.986752621578211 1.2478151270035 0.0208249276952501
.34012500000000000000 0.986772105554859 1.2707765981449 0.0154938853052733
.34137500000000000000 0.986791465328939 1.2933150217397 0.00528471324028577
.34262500000000000000 0.986817024960914 1.30444196835462 0.00355951422598347
.34387500000000000000 0.986840341107628 1.3312921405375 0.00139237117485468
.34512500000000000000 0.986864358062965 1.35216012461837 0.00150296229134499
.34637500000000000000 0.986886777064991 1.39057646887827 0.000595145120125739
.34762500000000000000 0.986909413710536 1.43312461227501 0.000393511651267677
.34887500000000000000 0.986931136588527 1.48323315783742 0.000728003371802651
.35012500000000000000 0.98695400045025 1.55106056807583 0.00246182274594923
.35137500000000000000 0.986979045552805 1.61552882069479 0.010726036052474
.35262500000000000000 0.987003352708827 1.71065854527623 0.0282215834136173
.35387500000000000000 0.987029348075838 1.82749113246342 0.0325486498230283
.35512500000000000000 0.987060646212893 1.96516857310747 0.0465492869896415
.35637500000000000000 0.987090733172132 2.20055928959731 0.0789593410762799
.35762500000000000000 0.987120299229606 2.57656071033359 0.130046058867108
.35887500000000000000 0.987155488909444 3.28746984089183 0.192551875446288
.36012500000000000000 0.987155488909444 3.28746984089183 0.192551875446288
.36137500000000000000 0.987155488909444 3.28746984089183 0.192551875446288
.36262500000000000000 0.987155488909444 3.28746984089183 0.192551875446288
.36387500000000000000 0.987155488909444 3.28746984089183 0.192551875446288
.36512500000000000000 0.987394963016899 7.6525945318175 4.30044708730016
.36637500000000000000 0.987394963016899 7.6525945318175 4.30044708730016
.36762500000000000000 0.986489630883957 0.165582350411355 0.0172619995519092
.36887500000000000000 0.986884634754682 0.296749855702853 0.00603169672773386
.37012500000000000000 0.987034149344226 0.401445962080526 0.00454738984537726
.37137500000000000000 0.987126755551397 0.490819740035711 0.00451155125155434
.37262500000000000000 0.987168880506559 0.541764558042369 0.00371152904101612
.37387500000000000000 0.987195370220592 0.57619690641557 0.00236399626873527
.37512500000000000000 0.987232330146113 0.616442023466887 0.00337307354277719
.37637500000000000000 0.987254868972374 0.639173719925783 0.00244077476599785
.37762500000000000000 0.987288977111102 0.671712216380994 0.00586259274833781
.37887500000000000000 0.987313440848233 0.693249646946984 0.00325645547378474
.38012500000000000000 0.987343009163638 0.715804370386372 0.00735551624016409
.38137500000000000000 0.98736534242777 0.729821422921987 0.00940464973356646
.38262500000000000000 0.987395473440066 0.751593761813779 0.0151041815150909
.38387500000000000000 0.987414633615005 0.7635541189725 0.0140244833360067
.38512500000000000000 0.987438432097103 0.7771151428149 0.00808173345898449
.38637500000000000000 0.987464095442353 0.79020926589186 0.00572405517451501
.38762500000000000000 0.987484198275222 0.799161356527081 0.0112902903077241
.38887500000000000000 0.987505120940761 0.809543113057853 0.00643565458316564
.39012500000000000000 0.987523026732097 0.814892704477484 0.00902358144000682
.39137500000000000000 0.987535089058875 0.814673009146601 0.0102909450954969
.39262500000000000000 0.987559542560976 0.824133543671945 0.0111916472453134
.39387500000000000000 0.98758023181188 0.830948132232287 0.0100494110781012
.39512500000000000000 0.987597342721191 0.834982164683419 0.0168878736827225
.39637500000000000000 0.987616976993053 0.841303966227449 0.0164836576071649
.39762500000000000000 0.987637396226478 0.846923038995195 0.0285870387044223
.39887500000000000000 0.987657012697982 0.851050448840367 0.0458982716356084
.40012500000000000000 0.987675667261002 0.854123286996723 0.0468853931004886
.40137500000000000000 0.987687995823427 0.854178010061575 0.0466379073553626
.40262500000000000000 0.987709762214108 0.860163640950719 0.0504741231516166
.40387500000000000000 0.987732511634695 0.864765876577984 0.0419040095553666
.40512500000000000000 0.987746605177151 0.866057013006547 0.0282425555946843
.40637500000000000000 0.987763475957202 0.868720772636327 0.026878137236763
.40762500000000000000 0.98778244978925 0.872463775725796 0.0233505944324048
.40887500000000000000 0.987798412670346 0.8743174874752 0.0309016293349008
.41012500000000000000 0.987819843527469 0.878721798248482 0.0357175397508327
.41137500000000000000 0.98783910682342 0.882952008446276 0.0411406082536762
.41262500000000000000 0.98785749585574 0.886388085353431 0.0376091786806746
.41387500000000000000 0.987873252661509 0.887800550362361 0.0486803610154367
.41512500000000000000 0.987892102249601 0.890835456726878 0.0493395975004568
.41637500000000000000 0.987912512579415 0.895292510199472 0.047765594894392
.41762500000000000000 0.987929134984492 0.895838237059022 0.0376131657292406
.41887500000000000000 0.987948797355354 0.898418372842289 0.0328334475974079
.42012500000000000000 0.987963122395141 0.900313634233996 0.04877842664794
.42137500000000000000 0.987983058565314 0.903210478308182 0.0620975226022955
.42262500000000000000 0.988005858124467 0.907465319627927 0.0548683683393626
.42387500000000000000 0.98802864145432 0.911193086320599 0.0446193963021573
.42512500000000000000 0.988046799662546 0.913014755883508 0.0477363176953104
.42637500000000000000 0.988067064725615 0.915687598777819 0.0477891513184638
.42762500000000000000 0.988087818772026 0.918412544678164 0.0351354913036742
.42887500000000000000 0.98810794840298 0.920299328122927 0.031937123252988
.43012500000000000000 0.988128823130168 0.922909625180594 0.0372755337935994
.43137500000000000000 0.98814588622881 0.923826858140411 0.0273348684190263
.43262500000000000000 0.988165941416327 0.926348102286364 0.0191692230931874
.43387500000000000000 0.988186230815507 0.92919397958813 0.0246196431041295
.43512500000000000000 0.988205882609044 0.93145150709617 0.0252061386637767
.43637500000000000000 0.988226945175198 0.934592562724692 0.0375900513134224
.43762500000000000000 0.988249044972497 0.937819222113884 0.040729533896571
.43887500000000000000 0.988269102867543 0.939162301583206 0.0375339606322856
.44012500000000000000 0.98828401105192 0.939782930623239 0.0400199240742351
.44137500000000000000 0.988296608630438 0.938871176529847 0.0356904569546861
.44262500000000000000 0.988318100398846 0.940190397791286 0.0366294326351818
.44387500000000000000 0.988332560400269 0.940232273603339 0.0268499079233319
.44512500000000000000 0.988353816331191 0.942667991708302 0.0303763991673665
.44637500000000000000 0.988374323248027 0.944876039984381 0.025654263275324
.44762500000000000000 0.988395300163509 0.947134698286876 0.0156636548404041
.44887500000000000000 0.988413484742533 0.948817418159056 0.0104820857427889
.45012500000000000000 0.988432007489546 0.949928471428836 0.0154798583749311
.45137500000000000000 0.988454270857014 0.951936853719816 0.0146951006086558
.45262500000000000000 0.988476940080689 0.954805465319113 0.0111646473084144
.45387500000000000000 0.988498102532882 0.956709985769964 0.00777930182706468
.45512500000000000000 0.988516677966262 0.958321411657908 0.00815156244397775
.45637500000000000000 0.988534107220609 0.959533574925492 0.0030506361013034
.45762500000000000000 0.988554636726297 0.961282762440769 0.0052735276922643
.45887500000000000000 0.988569422286997 0.961001568366236 0.00576368084499677
.46012500000000000000 0.988585787493918 0.961522449538065 0.00741436615560288
.46137500000000000000 0.988602833131856 0.962070269517225 0.00532165657997669
.46262500000000000000 0.988624250354046 0.963509789176115 0.0060240455906663
.46387500000000000000 0.988640166349103 0.963864903951944 0.00802732157632007
.46512500000000000000 0.988659966205883 0.965148029798222 0.00797688852407447
.46637500000000000000 0.98867410971146 0.964885275997855 0.00365647098455475
.46762500000000000000 0.988689713604827 0.965199117474295 0.00649332079221367
.46887500000000000000 0.98870344264797 0.965128519054647 0.00742283276723631
.47012500000000000000 0.988723056985917 0.965760576135453 0.00879992367340707
.47137500000000000000 0.988742674253232 0.966789945545524 0.00550123088206367
.47262500000000000000 0.988755899998275 0.966779822096417 0.00888551415824799
.47387500000000000000 0.988775129372627 0.967801795487282 0.00766788833871569
.47512500000000000000 0.98878767330674 0.967320987017601 0.00527994533731757
.47637500000000000000 0.988805384847339 0.968356348715016 0.00642931360415347
.47762500000000000000 0.98882605186564 0.970072807770819 0.00424015123064735
.47887500000000000000 0.988843204767996 0.970747456424785 0.00370849620770886
.48012500000000000000 0.988860470205794 0.97174687213451 0.00226219046181177
.48137500000000000000 0.988879212210074 0.972881303541924 0.00488998815117544
.48262500000000000000 0.988893657372058 0.97243594146466 0.00176352273907491
.48387500000000000000 0.988909434992814 0.973124129178908 0.00111850563408802
.48512500000000000000 0.988927558714155 0.974502398372633 0.0020336114673484
.48637500000000000000 0.988944005632602 0.975114359833975 0.000172559544024498
.48762500000000000000 0.98896573406635 0.977384000016842 0.0001345854732555
.48887500000000000000 0.988983405938001 0.978434688017389 0.00190132008281681
.49012500000000000000 0.98900305708885 0.979594028572397 0.00509627080831608
.49137500000000000000 0.989020475544771 0.980752283869773 0.00469413989771512
.49262500000000000000 0.989037814487345 0.981452390070471 0.00456097210588483
.49387500000000000000 0.989055992074522 0.983047679388877 0.0107263817268403
.49512500000000000000 0.989076561750731 0.984911037732765 0.0116547346498062
.49637500000000000000 0.989095454325091 0.986181574503382 0.00426922850354392
.49762500000000000000 0.989112382249584 0.986316367683062 0.00432010970692701
.49887500000000000000 0.989131774987559 0.987359543705266 0.00580463976015218
.50012500000000000000 0.989147265647984 0.988071093274269 0.00959141363840171
.50137500000000000000 0.989164328762887 0.988613951878468 0.0176723556659106
.50262500000000000000 0.989182154321201 0.989106140854136 0.0133115363070346
.50387500000000000000 0.989197452730319 0.989703520597716 0.0145746281905082
.50512500000000000000 0.989213873923765 0.990203809737384 0.0153773146145624
.50637500000000000000 0.989229257335604 0.990560124099626 0.0147099816052725
.50762500000000000000 0.989245435671522 0.990643013947532 0.0181487273268758
.50887500000000000000 0.989261787721143 0.990774139834765 0.0177068021916972
.51012500000000000000 0.989278811048425 0.991143375679423 0.0139483164139417
.51137500000000000000 0.989296223499835 0.991641785349347 0.0150497311235068
.51262500000000000000 0.989310805484704 0.991690114026793 0.0209394178095334
.51387500000000000000 0.98933020787583 0.992786206477765 0.0221733363792336
.51512500000000000000 0.989349643584441 0.993599710401778 0.0272620168996932
.51637500000000000000 0.989363196462217 0.993589513789872 0.0183746110773363
.51762500000000000000 0.989384487187829 0.99537726294874 0.0141723903359713
.51887500000000000000 0.98939935731612 0.995239339638636 0.0106836689338764
.52012500000000000000 0.989416802741171 0.995727296078975 0.0117312978022945
.52137500000000000000 0.989433767870341 0.996408788312809 0.00886268075096821
.52262500000000000000 0.989450122965197 0.997057881400485 0.0144713422226608
.52387500000000000000 0.989463096168299 0.997076906283738 0.0198480359432751
.52512500000000000000 0.989481715341728 0.997852618710941 0.0158898197857152
.52637500000000000000 0.989500766502007 0.998835591593877 0.0195413498559585
.52762500000000000000 0.989514181489555 0.998162877278828 0.0257822211003681
.52887500000000000000 0.989528743524244 0.997999055500375 0.0271979546068697
.53012500000000000000 0.989544429397921 0.998284730257492 0.0274324834850578
.53137500000000000000 0.989558558532421 0.99850554043593 0.0412890294627904
.53262500000000000000 0.989574985040513 0.998660065096666 0.0496472578982938
.53387500000000000000 0.989590257199274 0.998728831037987 0.0531276585513321
.53512500000000000000 0.989609194995548 0.999607799878296 0.0631836784864414
.53637500000000000000 0.989627572252819 1.00028074368701 0.0685474832928629
.53762500000000000000 0.989642056869648 1.00052368275265 0.0632830225591727
.53887500000000000000 0.989661731592703 1.00166007243794 0.0544762075900637
.54012500000000000000 0.989677215182458 1.00186811809925 0.0690514402182121
.54137500000000000000 0.989694350954779 1.00267395872706 0.0704751355525993
.54262500000000000000 0.989712523897624 1.00381034819868 0.0774696692893375
.54387500000000000000 0.989729858273144 1.00410185107513 0.066968986252111
.54512500000000000000 0.989743883940185 1.0038770826989 0.0547677201635928
.54637500000000000000 0.989753838807244 1.00305862414329 0.0658155626728949
.54762500000000000000 0.989766964686256 1.00287737760462 0.0750903126535949
.54887500000000000000 0.9897843947699 1.00343931484806 0.089496724933445
.55012500000000000000 0.989800676800708 1.00403278786604 0.0876539841211813
.55137500000000000000 0.989822265408039 1.00573951322423 0.0894562770367961
.55262500000000000000 0.989834429383572 1.00547838367725 0.0766259336805484
.55387500000000000000 0.989846988519529 1.0054231368554 0.0659636021812864
.55512500000000000000 0.989857454428461 1.00490418023286 0.0623944283813389
.55637500000000000000 0.989874159395592 1.00556772414823 0.074764636539357
.55762500000000000000 0.989890491380297 1.00610832769782 0.0811025534059956
.55887500000000000000 0.989909102309499 1.00709962471002 0.102426052911503
.56012500000000000000 0.989926810483026 1.00787643084664 0.0933748113446041
.56137500000000000000 0.989948187356504 1.00920497877171 0.0899236398912647
.56262500000000000000 0.989966681370163 1.00981728280726 0.0825329745642922
.56387500000000000000 0.989977861416001 1.00939204675135 0.0861484708510763
.56512500000000000000 0.989995693986822 1.01031103813999 0.106972901038307
.56637500000000000000 0.990013146046031 1.0110343623592 0.100019975959919
.56762500000000000000 0.990027545428984 1.01122076749254 0.103430096855356
.56887500000000000000 0.990041024885714 1.01136923893384 0.159170804772955
.57012500000000000000 0.990054572843798 1.01158638748629 0.206762643819668
.57137500000000000000 0.990073196867848 1.01213976241932 0.213615367133984
.57262500000000000000 0.990087565170199 1.01165957126756 0.185587005986955
.57387500000000000000 0.990102179197799 1.01204436479842 0.16481603676199
.57512500000000000000 0.99011618167818 1.0122455190576 0.157893987800417
.57637500000000000000 0.990137693376472 1.01352959403471 0.165591534844784
.57762500000000000000 0.990154110339633 1.01387319902255 0.163208908264448
.57887500000000000000 0.9901653048408 1.01346121737182 0.144501847564799
.58012500000000000000 0.990185305581601 1.01463712933506 0.114040516410168
.58137500000000000000 0.990199908771968 1.01470535593199 0.122165505386085
.58262500000000000000 0.990218060927592 1.01574060061417 0.102182372409172
.58387500000000000000 0.990231834638051 1.01554396450612 0.0871978902608795
.58512500000000000000 0.990244573521973 1.01557430836976 0.0847576616992513
.58637500000000000000 0.990261465524192 1.01616498596659 0.0748142537935612
.58762500000000000000 0.990280499051691 1.01698283283998 0.0796059481698961
.58887500000000000000 0.99029719838131 1.01741977070085 0.0838466060623453
.59012500000000000000 0.990311580142836 1.01801525158055 0.06356314913335
.59137500000000000000 0.990326916395022 1.01854415698366 0.0786764013223077
.59262500000000000000 0.990348265500847 1.01974641441067 0.0821196518875411
.59387500000000000000 0.990362819158149 1.01961355426646 0.061697680556025
.59512500000000000000 0.990373009638429 1.01974706044433 0.0402147831942924
.59637500000000000000 0.990389350969207 1.02029123526058 0.050278887374349
.59762500000000000000 0.990408331057001 1.02092813646039 0.0513199336384971
.59887500000000000000 0.990425298077681 1.02154242119304 0.0612555179164492
.60012500000000000000 0.990441500497011 1.02192724279619 0.0793808191455945
.60137500000000000000 0.990456534442321 1.02211096025768 0.0941224312020621
.60262500000000000000 0.990469730466755 1.02207856702036 0.0962759808562757
.60387500000000000000 0.990487124528303 1.02272162533207 0.100771038610469
.60512500000000000000 0.990501763794002 1.02292684651552 0.118388520971718
.60637500000000000000 0.990516193227464 1.02297477464256 0.126218993758631
.60762500000000000000 0.990537101427829 1.0238686295681 0.137748045853919
.60887500000000000000 0.990551642006686 1.02381881905206 0.140965962916462
.61012500000000000000 0.990563707313135 1.02397999947244 0.147489065933844
.61137500000000000000 0.990579707416276 1.0245722650558 0.130155734157659
.61262500000000000000 0.990589012910714 1.02426253430581 0.14542504709222
.61387500000000000000 0.990604660638847 1.02490019203453 0.156740704091406
.61512500000000000000 0.99061904525276 1.0248990714646 0.156331596586898
.61637500000000000000 0.990633652109725 1.02519479668275 0.158453444261345
.61762500000000000000 0.990646058889524 1.0250360147026 0.158507281729898
.61887500000000000000 0.990658331302158 1.0249958581803 0.206472352846241
.62012500000000000000 0.99067710383014 1.02563622464019 0.20502562410244
.62137500000000000000 0.990695889200953 1.02659114828457 0.158204851750278
.62262500000000000000 0.990709047015632 1.02676526820595 0.135629617580456
.62387500000000000000 0.990721235174108 1.02682364193104 0.122448001378872
.62512500000000000000 0.990740786026566 1.02786868773511 0.118096959409495
.62637500000000000000 0.990757094361547 1.02828940753965 0.11980825028282
.62762500000000000000 0.990771704592412 1.02886582246587 0.115680931300055
.62887500000000000000 0.990785053700251 1.02886262247083 0.105010123022884
.63012500000000000000 0.990799357426427 1.02915451690203 0.105708709817725
.63137500000000000000 0.990815682297818 1.02936172315413 0.11352183720299
.63262500000000000000 0.990827874766323 1.02923059716085 0.0972820255846307
.63387500000000000000 0.990843277775371 1.03000467395419 0.0955349091742177
.63512500000000000000 0.990862910576755 1.03089514083977 0.0932117532895215
.63637500000000000000 0.990877657100621 1.03113734200717 0.0978133434391561
.63762500000000000000 0.990894747538737 1.03164529006422 0.0924350301636929
.63887500000000000000 0.99090639835577 1.03169289991072 0.0751576384910969
.64012500000000000000 0.99091902460613 1.03137668195551 0.0929707175020116
.64137500000000000000 0.990936342658827 1.03187166924425 0.0642199066437801
.64262500000000000000 0.990952880143108 1.03252255061603 0.069351717770062
.64387500000000000000 0.990966148696085 1.03269237615431 0.058011917753818
.64512500000000000000 0.990977951215666 1.0329828345573 0.051248057633345
.64637500000000000000 0.990994327715097 1.03387773207149 0.0506552206302107
.64762500000000000000 0.991010419147955 1.03446794175639 0.0545880610732715
.64887500000000000000 0.991021788141119 1.03429053954867 0.0431690854034479
.65012500000000000000 0.991037995830508 1.03488881964083 0.0291512817263435
.65137500000000000000 0.991056467963997 1.03586588109153 0.024445585618612
.65262500000000000000 0.991072349437119 1.03625199522273 0.0152494959099096
.65387500000000000000 0.991086954998026 1.03646134333409 0.0186329377631184
.65512500000000000000 0.991100020662863 1.03634620126308 0.0187639057029883
.65637500000000000000 0.991111655533533 1.03624094281038 0.0183410555519046
.65762500000000000000 0.991127473099764 1.03674053716141 0.00652173792404776
.65887500000000000000 0.991142047314436 1.03707330830289 0.00840252691544636
.66012500000000000000 0.991156664680807 1.0377176578715 0.0136163130582796
.66137500000000000000 0.99117026002626 1.03778619906629 0.013739909954758
.66262500000000000000 0.991187406826427 1.03845964317023 0.0070086932212176
.66387500000000000000 0.991204249655599 1.03866313620206 0.00866184296720537
.66512500000000000000 0.991218964795208 1.03873967179051 0.0120122440590572
.66637500000000000000 0.991234240447904 1.03894234732589 0.0129323046531901
.66762500000000000000 0.991248113972558 1.03952189515848 0.0109735069361001
.66887500000000000000 0.991263214159572 1.04006724675408 0.00711952360045343
.67012500000000000000 0.991279931724256 1.04066736768024 0.00881308981347175
.67137500000000000000 0.991295945245377 1.04115784702954 0.0165383771399119
.67262500000000000000 0.991311041441046 1.0416338701544 0.0118483170520146
.67387500000000000000 0.991325175256793 1.04184969680293 0.00915790687687795
.67512500000000000000 0.991339629175007 1.04208083877904 0.0156949958193465
.67637500000000000000 0.99135385005394 1.04279203316062 0.0324457334886478
.67762500000000000000 0.99137096988149 1.0435895854864 0.0335189974314555
.67887500000000000000 0.991388525153876 1.04452033805496 0.0525164033344641
.68012500000000000000 0.991401343735311 1.04473310058936 0.0456908584200945
.68137500000000000000 0.991414633726148 1.04483900616052 0.0476042677191901
.68262500000000000000 0.991430552423871 1.04536365479762 0.0351045170789654
.68387500000000000000 0.991443853411213 1.04566722822205 0.04768393222668
.68512500000000000000 0.99145721191318 1.04615042571404 0.0786941043151568
.68637500000000000000 0.991472886334207 1.04679378960891 0.085234973502128
.68762500000000000000 0.9914901960224 1.04746337582586 0.104461290000924
.68887500000000000000 0.991506255077461 1.04803892115341 0.112379325667102
.69012500000000000000 0.991519908702916 1.04797390264956 0.123734138253748
.69137500000000000000 0.991533450104914 1.04830117932331 0.114720491687653
.69262500000000000000 0.991549833404444 1.0487816303947 0.104378055058781
.69387500000000000000 0.991566355849686 1.04917463169454 0.124506656470041
.69512500000000000000 0.991581358332349 1.04949614529116 0.104882253591239
.69637500000000000000 0.991597865104313 1.05022673623443 0.116388947050432
.69762500000000000000 0.991612998457817 1.05069538250799 0.104224553176608
.69887500000000000000 0.991630386910868 1.05116009250102 0.108868936177512
.70012500000000000000 0.991647592695771 1.05194677795719 0.0994391654936901
.70137500000000000000 0.991661125036691 1.0520636029885 0.0905924792306314
.70262500000000000000 0.991675091959291 1.05240254115032 0.0882206341876597
.70387500000000000000 0.991683233031604 1.05195142759982 0.0846576191278831
.70512500000000000000 0.991695200027579 1.052317970702 0.0953479754070033
.70637500000000000000 0.991713178819492 1.05324622113229 0.115761007982195
.70762500000000000000 0.99173041731475 1.05380762885949 0.130192232084751
.70887500000000000000 0.991744445376886 1.05410358583945 0.137543668227811
.71012500000000000000 0.991758618190274 1.05455572622934 0.149470039745217
.71137500000000000000 0.99177175786971 1.05456012449535 0.156700075842226
.71262500000000000000 0.991787872040379 1.05498633999646 0.15048076729093
.71387500000000000000 0.991803592854669 1.05532582467855 0.164192748592266
.71512500000000000000 0.991818169217562 1.05564616955361 0.151095160322307
.71637500000000000000 0.991835156769899 1.05637329426496 0.161967283263325
.71762500000000000000 0.991848648396676 1.05681526438327 0.161193164814481
.71887500000000000000 0.991862008991265 1.05708342411773 0.177791548475117
.72012500000000000000 0.991877537719713 1.05743503283507 0.133779315492931
.72137500000000000000 0.991892101042612 1.05745454032924 0.14127339920949
.72262500000000000000 0.991905505822531 1.05750097829333 0.137529547656673
.72387500000000000000 0.991923664891157 1.05817477573292 0.169000378075773
.72512500000000000000 0.991937818417623 1.05836030616477 0.149377790702617
.72637500000000000000 0.99195318110799 1.05891918025136 0.18298583542802
.72762500000000000000 0.991965517447948 1.05922990154938 0.224560147380266
.72887500000000000000 0.991980039675137 1.05957483388321 0.264376635541257
.73012500000000000000 0.991995766937689 1.05995067145764 0.269052880357988
.73137500000000000000 0.99201394391676 1.06044979327075 0.296607039175705
.73262500000000000000 0.992030553829285 1.06119144592209 0.214725687303383
.73387500000000000000 0.992050234687467 1.06215406089027 0.25606739461389
.73512500000000000000 0.992065318516144 1.06256484754483 0.22684538560662
.73637500000000000000 0.992079385299627 1.06291913253842 0.193560684198312
.73762500000000000000 0.992093550374218 1.06325851603885 0.18090748590804
.73887500000000000000 0.99211085563167 1.06377854079713 0.198509203052943
.74012500000000000000 0.992129538380829 1.06469376827999 0.200861261187951
.74137500000000000000 0.992145211547422 1.06504535031216 0.216999613660166
.74262500000000000000 0.99216274502409 1.06562519918221 0.215939432532324
.74387500000000000000 0.992178392649362 1.06611737385779 0.150232945162619
.74512500000000000000 0.992196281145835 1.0670306701454 0.166821463335089
.74637500000000000000 0.992209822316305 1.06730675143174 0.131296396708983
.74762500000000000000 0.992226339358978 1.06788634761071 0.148648566618169
.74887500000000000000 0.992241882090554 1.06861773300391 0.14367659770808
.75012500000000000000 0.992254271835571 1.0686400026769 0.151138336349139
.75137500000000000000 0.99227028032925 1.06924146420294 0.16007601533997
.75262500000000000000 0.992287393491764 1.06980051824151 0.136644312521567
.75387500000000000000 0.992300621790057 1.07026051388385 0.122999875380244
.75512500000000000000 0.992316021061209 1.07077427027463 0.119281021876246
.75637500000000000000 0.992330377920646 1.07120161080218 0.133506101417623
.75762500000000000000 0.992346410318474 1.07165845007864 0.111623024671961
.75887500000000000000 0.992359574991867 1.07190379873031 0.093683189104315
.76012500000000000000 0.992373231857955 1.07228267585545 0.108476946953036
.76137500000000000000 0.992386788882339 1.07244802726726 0.081858124402369
.76262500000000000000 0.992404178196117 1.07300624613686 0.0931060918555804
.76387500000000000000 0.992416342149186 1.07298201339881 0.0822526425257615
.76512500000000000000 0.9924309338526 1.07341143294141 0.0803744744133981
.76637500000000000000 0.992443580218134 1.07344885830631 0.111429358866736
.76762500000000000000 0.992458179276887 1.07400356383084 0.0979650915429309
.76887500000000000000 0.992476390304597 1.07501275312634 0.113600850661433
.77012500000000000000 0.992489790935346 1.07531336833093 0.0979723036495529
.77137500000000000000 0.992506588823833 1.07572368302959 0.0916037431806011
.77262500000000000000 0.992518016560558 1.07566864182108 0.0905775122938209
.77387500000000000000 0.992530398177251 1.07576289229379 0.0789315752171442
.77512500000000000000 0.992545455926418 1.076030298735 0.0674867047646379
.77637500000000000000 0.9925590688666 1.07621160863866 0.0713978122094541
.77762500000000000000 0.992571242945278 1.07617686997196 0.0541044190762171
.77887500000000000000 0.992584205787408 1.07643364212942 0.0786224403590374
.78012500000000000000 0.992602520937621 1.07719114544561 0.0618932666155277
.78137500000000000000 0.992619161615964 1.07774487563439 0.0664800894303307
.78262500000000000000 0.992630065042092 1.07783531965749 0.0429592458393059
.78387500000000000000 0.992643189346461 1.07799071021568 0.0274435351880316
.78512500000000000000 0.992656670256126 1.07841943727465 0.0353197886458959
.78637500000000000000 0.992671720791527 1.07885444028396 0.024879280060318
.78762500000000000000 0.992689936309972 1.07929670894954 0.0286649286507268
.78887500000000000000 0.992709484880307 1.08021715664576 0.0244042543896889
.79012500000000000000 0.992722100473042 1.08032561976528 0.0163229122807997
.79137500000000000000 0.992739808533268 1.08109508866482 0.0232937684374452
.79262500000000000000 0.992756248825008 1.08177542096131 0.0263567549846869
.79387500000000000000 0.992771827319457 1.08211773831463 0.0260036326560657
.79512500000000000000 0.992785644862422 1.08230432135821 0.0297119710664384
.79637500000000000000 0.992801540456521 1.08265002011632 0.0350115994066354
.79762500000000000000 0.992814910894078 1.08304022422581 0.037844559768308
.79887500000000000000 0.992831923693444 1.08362489924754 0.0284388291958848
.80012500000000000000 0.992846254217776 1.08360652179419 0.0158912731093031
.80137500000000000000 0.992859658448774 1.08371791042688 0.0162373779155164
.80262500000000000000 0.99287122962593 1.0837047415239 0.0156961354429656
.80387500000000000000 0.992882718481208 1.08361498992497 0.010001207165307
.80512500000000000000 0.992900113766453 1.08435809715839 0.00762597016543375
.80637500000000000000 0.992913538884422 1.08470133416992 0.00782469820116582
.80762500000000000000 0.992926208710929 1.08498647578648 0.0253473847205227
.80887500000000000000 0.992943586261035 1.08547456942833 0.02248823020397
.81012500000000000000 0.992957608028952 1.08577934643434 0.0247156983634864
.81137500000000000000 0.992974001688219 1.08636641209171 0.0407226685427215
.81262500000000000000 0.992988582739236 1.08671949050196 0.0560072658031775
.81387500000000000000 0.992999290390546 1.08657242988545 0.0728654446763155
.81512500000000000000 0.993011757472919 1.0867090814738 0.0870892971223011
.81637500000000000000 0.993026558264691 1.08691080835643 0.111055568118787
.81762500000000000000 0.993039797143533 1.08715904272367 0.126367476178099
.81887500000000000000 0.993052771457829 1.08720956334867 0.147469485210059
.82012500000000000000 0.993063999121192 1.0874271245962 0.159114653879227
.82137500000000000000 0.993078124189799 1.08776078814008 0.165186764981787
.82262500000000000000 0.993090806136938 1.08785099420154 0.176203248082561
.82387500000000000000 0.993107603867963 1.08835326580701 0.181846906359409
.82512500000000000000 0.993116269929933 1.08793559667478 0.175130789975668
.82637500000000000000 0.993128388489984 1.08786109889374 0.180219368578329
.82762500000000000000 0.993140158417929 1.08794825811808 0.12174643835795
.82887500000000000000 0.993154978940316 1.08828353309433 0.17043228632544
.83012500000000000000 0.993168161219926 1.08848412034994 0.208603733931265
.83137500000000000000 0.993185199654516 1.0890357228531 0.298337598180497
.83262500000000000000 0.99320372399354 1.08965516674084 0.357087485338819
.83387500000000000000 0.993220970359654 1.09019083333393 0.337562667998425
.83512500000000000000 0.993237285581296 1.09046721675199 0.375829846105164
.83637500000000000000 0.993251049868371 1.0908392348888 0.356806610611483
.83762500000000000000 0.993261906056565 1.09096355056393 0.421281390592656
.83887500000000000000 0.99327340233002 1.09072234853613 0.493950667497673
.84012500000000000000 0.993296236232335 1.09165843723608 0.451041237764704
.84137500000000000000 0.993304843572479 1.09160403771636 0.430097440912085
.84262500000000000000 0.993320738597894 1.09202545147519 0.44232747781121
.84387500000000000000 0.993337522844995 1.09244936926865 0.406059516385617
.84512500000000000000 0.993349599827923 1.09249939867568 0.520082246181301
.84637500000000000000 0.993369632208755 1.09291983773594 0.551055089422876
.84762500000000000000 0.993391258131625 1.09398067645901 0.624035799992374
.84887500000000000000 0.993410066604928 1.09481503162253 0.705336133679284
.85012500000000000000 0.993417447693301 1.09438383108343 0.812891223002816
.85137500000000000000 0.993434386201578 1.09511623512872 0.87136072142036
.85262500000000000000 0.993448071541148 1.09524873830124 1.07347657776833
.85387500000000000000 0.993465017795209 1.09596695399864 1.04492795056373
.85512500000000000000 0.993484568473739 1.0964306454962 1.14837633019557
.85637500000000000000 0.993494223798907 1.09622333421919 1.13338006315481
.85762500000000000000 0.993512539395838 1.09695530643648 1.14455295212903
.85887500000000000000 0.993530896012331 1.0974669010779 1.28931980266726
.86012500000000000000 0.993547318988562 1.09800549194488 1.23046221721622
.86137500000000000000 0.993555445730767 1.09786449341726 1.15400005000858
.86262500000000000000 0.993573829074731 1.09850892798807 1.1846861047841
.86387500000000000000 0.99358045876246 1.09815742940313 1.27083610033667
.86512500000000000000 0.993602685945068 1.09914684699043 1.2409862622279
.86637500000000000000 0.993617178392372 1.09917606411777 1.31484607844575
.86762500000000000000 0.993635500223933 1.09973277253514 1.41078123688818
.86887500000000000000 0.99364769086615 1.10015867059917 1.61843808967886
.87012500000000000000 0.99366357280532 1.10019748167386 1.62654679482738
.87137500000000000000 0.993671808850935 1.10034626110042 1.63238658686849
.87262500000000000000 0.993683093901851 1.10022254015466 1.73465691613505
.87387500000000000000 0.993692888941417 1.09985764330309 1.71404255857031
.87512500000000000000 0.993721229821833 1.1012906468913 2.01180181670936
.87637500000000000000 0.99372818308248 1.10054940609246 2.18971566909638
.87762500000000000000 0.993749813578773 1.10150152593305 2.0339173746362
.87887500000000000000 0.993760669792965 1.10170430974417 2.24770108970334
.88012500000000000000 0.99377370793378 1.10172171455538 2.09961450420003
.88137500000000000000 0.993790386906738 1.10204724014808 2.1243461527001
.88262500000000000000 0.993812042774202 1.10297163628162 2.50400552290317
.88387500000000000000 0.993814888520117 1.10213972759811 2.36199418287256
.88512500000000000000 0.993832640482172 1.10310410893239 2.29118535814082
.88637500000000000000 0.993849374958543 1.1031144471733 2.69671309407668
.88762500000000000000 0.993866306160292 1.10380465891897 2.57699728130364
.88887500000000000000 0.99389272846362 1.10494439801871 2.9289366397838
.89012500000000000000 0.993912330528824 1.10524570023829 2.70936759752297
.89137500000000000000 0.993936777440984 1.10613992382012 2.5376715723692
.89262500000000000000 0.993957471836414 1.10675402638531 3.08787625242437
.89387500000000000000 0.993969260021786 1.1065416325283 2.94297855376254
.89512500000000000000 0.993982808235334 1.10691513318416 2.92445291363645
.89637500000000000000 0.993981434003237 1.10608863679087 2.88972721514707
.89762500000000000000 0.994000112517932 1.10646335180262 3.83247518195902
.89887500000000000000 0.994027099625461 1.10718024510377 3.73562020306489
.90012500000000000000 0.99403590510297 1.10705256111341 3.65489509571012
.90137500000000000000 0.994035942918275 1.10613707435058 4.0524322923597
.90262500000000000000 0.994057930713989 1.10657419010799 4.33388271964686
.90387500000000000000 0.994073822388565 1.10704624896403 4.67105281692306
.90512500000000000000 0.994107626096596 1.10809444208088 4.59094047176438
.90637500000000000000 0.994114307694787 1.10818732503122 4.71470820182284
.90762500000000000000 0.994138212160469 1.10876724010004 4.73944680148497
.90887500000000000000 0.994161291249576 1.10903610227607 4.85336642699431
.91012500000000000000 0.994147387613333 1.10738198799131 4.84432169822962
.91137500000000000000 0.994182780917889 1.10887950220112 4.91040497058167
.91262500000000000000 0.994195980250624 1.10942310836422 4.80865220902125
.91387500000000000000 0.994214169660092 1.10928991245514 5.04083973782075
.91512500000000000000 0.9942308665262 1.1098166212859 6.00911021268482
.91637500000000000000 0.994231447064053 1.10918602306907 5.80612135391359
.91762500000000000000 0.994265906990799 1.11017149263659 6.23776208917784
.91887500000000000000 0.99428049701622 1.11024301697984 5.79662903433039
.92012500000000000000 0.994278472602957 1.10971795722105 6.1596215078148
.92137500000000000000 0.994299508292411 1.10991901448594 6.60929343988063
.92262500000000000000 0.994325586848514 1.11088703802456 6.5853046574809
.92387500000000000000 0.994334050041267 1.11044990920535 7.16965820603097
.92512500000000000000 0.99435805603084 1.11162961339176 7.86930276846312
.92637500000000000000 0.994367507119784 1.11125301034595 8.3110147630323
.92762500000000000000 0.994395090249054 1.11249018154674 8.27346486859271
.92887500000000000000 0.994404560010259 1.11176855118706 8.9901577610478
.93012500000000000000 0.994425515287781 1.11227299228914 10.5203326817424
.93137500000000000000 0.99443151866186 1.11158791491825 10.9313763705778
.93262500000000000000 0.994458011237836 1.11248873117637 10.0211993743126
.93387500000000000000 0.994461415801219 1.11193562506846 10.6357719546627
.93512500000000000000 0.994503468764528 1.11367005636893 9.77597476858672
.93637500000000000000 0.994521538801207 1.11423306065968 10.1058256462683
.93762500000000000000 0.994520752219062 1.11250362813749 10.7606831961607
.93887500000000000000 0.994529200708768 1.11301031956306 12.2046112642804
.94012500000000000000 0.994537911089688 1.11293946786383 13.1333760368015
.94137500000000000000 0.994568268722075 1.1130462312349 12.699446584717
.94262500000000000000 0.994594986453893 1.11398313197537 12.3930781358574
.94387500000000000000 0.994608342875123 1.11325195712859 15.0359353307229
.94512500000000000000 0.994607472224126 1.11305354622295 13.1405326684355
.94637500000000000000 0.994631687725908 1.11320423858398 14.9298282745735
.94762500000000000000 0.994657819654372 1.1138223664189 16.5437948391874
.94887500000000000000 0.994680486607422 1.11503893557533 19.5175759357726
.95012500000000000000 0.99466045528565 1.11240714477548 18.6559868093039
.95137500000000000000 0.994710955165768 1.11489495526582 21.2503365956213
.95262500000000000000 0.994709610311126 1.11311799525591 24.6298419805923
.95387500000000000000 0.994768679054796 1.11650128799988 23.7422340124457
.95512500000000000000 0.994789801138555 1.11710418551896 18.9627412277319
.95637500000000000000 0.994803627688999 1.11731566991058 23.2321721628439
.95762500000000000000 0.994823541764562 1.11804770498227 20.4731147011975
.95887500000000000000 0.994858410590974 1.11778829086037 21.0128707485962
.96012500000000000000 0.99488788622468 1.11853665369872 20.6257022309339
.96137500000000000000 0.994912688908587 1.11943334471964 19.946040820643
.96262500000000000000 0.994918157237179 1.11798130916665 17.257658763739
.96387500000000000000 0.99492014000566 1.11741532924806 22.2295202855368
.96512500000000000000 0.994940207611953 1.11765769548559 23.1314035676664
.96637500000000000000 0.994977802706774 1.11871313755438 20.7632937333443
.96762500000000000000 0.994984585890549 1.11845356653001 22.3907263673187
.96887500000000000000 0.995041889343631 1.12035338279014 22.4652150569825
.97012500000000000000 0.99506630783027 1.12008839182885 21.6994712180872
.97137500000000000000 0.995121067703692 1.12300796044632 22.3053677586246
.97262500000000000000 0.995147411504163 1.12385948409577 24.8788549644369
.97387500000000000000 0.995152196875313 1.12224431949167 26.0575894630603
.97512500000000000000 0.995156001851483 1.1217212981183 24.7704417042588
.97637500000000000000 0.995184270921443 1.12142854471138 23.0327975247629
.97762500000000000000 0.995202108219607 1.12137536282569 33.2582366818254
.97887500000000000000 0.995280264864907 1.12430821756875 28.0332226625004
.98012500000000000000 0.995265837190885 1.12193427128829 22.7639677571693
.98137500000000000000 0.99534911341438 1.12454151837484 28.3459389141835
.98262500000000000000 0.995321960045236 1.12194575708233 25.4124020318637
.98387500000000000000 0.995428571452106 1.12667787240105 26.9159395514084
.98512500000000000000 0.995413547790962 1.12328464705372 24.6801302060203
.98637500000000000000 0.995449258696864 1.1238930660198 22.6409569368818
.98762500000000000000 0.995522044883646 1.12812346568865 29.2019268459401
.98887500000000000000 0.995472834396298 1.12145849842615 23.56120109278
.99012500000000000000 0.995593162094103 1.12658651342076 32.5766582899927
.99137500000000000000 0.995636245465183 1.12472078761003 29.5548664149711
.99262500000000000000 0.995677207663595 1.12403970226694 24.8828535456843
.99387500000000000000 0.995753852693028 1.12334060023081 25.6054497354904
.99512500000000000000 0.995839357130017 1.12470257867631 24.0685873693888
.99637500000000000000 0.995912217877507 1.12366087914251 20.4621094488734
.99762500000000000000 0.995998500717919 1.12337211530875 19.1975799166281
.99887500000000000000 0.996195059330854 1.12309208335569 5.17872477995531
