3 	 2.9934174545995 0.00026101625780354 
3.5 	 3.4893457509988 0.00052232430599264 
4 	 3.9840310590279 0.000619845140567 
4.5 	 4.475754730579 0.00087094130333621 
5 	 4.9662487342029 0.0010271140878728 
5.5 	 5.4566750493049 0.0013597263556321 
6 	 5.9430101671938 0.0016232619972033 
6.5 	 6.4260139715824 0.0018404711271859 
7 	 6.9100952085544 0.0027267927854128 
7.5 	 7.3947556035129 0.0034102049002464 
8 	 7.8706752596788 0.0043293071543165 
8.5 	 8.3480183266871 0.0041161159304785 
9 	 8.8223615430685 0.0060598893997727 
