3 	 2.9694886507255 0.00030338858917132 
3.5 	 3.4546519399649 0.00043154640385644 
4 	 3.9328476804386 0.00067253397098891 
4.5 	 4.4036874353465 0.00072097666492168 
5 	 4.869491053735 0.00091350508607784 
5.5 	 5.3309769951388 0.001639324600993 
6 	 5.7845439358418 0.002052917985343 
6.5 	 6.2319190295837 0.0028554772347142 
7 	 6.6684305526411 0.0032920653848501 
7.5 	 7.1040603042523 0.003567586922821 
8 	 7.5410048556865 0.0033254084555852 
8.5 	 7.9588075018681 0.0056915176476139 
9 	 8.3671915812298 0.0060491308795689 
