4 2 0.0156032 0.00043592251788834
4 3.1748 0.0176312 0.00051257336917692
4 5.14256 0.0164629 0.00017605057700342
4 6.54213 0.0152082 0.00021310797768695
4 8.20313 0.0139649 0.00020895870742015
4 9.69762 0.0132059 0.00014163144636834
4 11.3755 0.0125977 0.00013653993020706
4 12.9584 0.0120509 8.7410333523536e-05
4 14.5998 0.0117327 0.00012666485444386
4 16.165 0.0113699 0.00015414318627615
4 17.775 0.0114886 0.0001266218263768
4 19.3169 0.0109244 0.00013320577655004
4 21.0505 0.0106083 0.00015883467230047
4 22.5953 0.0103255 0.00013205188743964
4 24.2882 0.0107013 0.00011711864727207
4.25 2 0.0188517 0.00054955820324086
4.25 3.1748 0.019573 0.00029618774662259
4.25 5.14256 0.0196437 0.00040418039463378
4.25 6.54213 0.018313 0.00027335349602462
4.25 8.20313 0.0167122 0.00010965364861719
4.25 9.69762 0.0153906 0.00015862159422895
4.25 11.3755 0.0145511 0.00016738903799013
4.25 12.9584 0.013932 0.0001637506607791
4.25 14.5998 0.0135854 0.00014753248384218
4.25 16.165 0.0128253 0.00014724513203085
4.25 17.775 0.0126318 0.00014429955009111
4.25 19.3169 0.0126365 0.00015717892869315
4.25 21.0505 0.0124115 0.000123588872375
4.25 22.5953 0.0124136 0.0001355374695934
4.25 24.2882 0.0119085 9.7876577456592e-05
4.5 2 0.0200258 0.00061054141252452
4.5 3.1748 0.0236423 0.00040609361533056
4.5 5.14256 0.0228668 0.00034370758516783
4.5 6.54213 0.021365 0.00021894359290391
4.5 8.20313 0.0190471 0.00028484347675637
4.5 9.69762 0.0180713 0.00024284732737423
4.5 11.3755 0.016799 0.00019382562234167
4.5 12.9584 0.0161626 0.00016486805626155
4.5 14.5998 0.0154431 0.00015932903565291
4.5 16.165 0.0150825 0.00019343501210025
4.5 17.775 0.0152222 0.00011165009953392
4.5 19.3169 0.0144093 0.00014835744222902
4.5 21.0505 0.0138784 0.00011609165627401
4.5 22.5953 0.0139153 0.00013138210985329
4.5 24.2882 0.0136132 0.00013920721122081
4.75 2 0.022973 0.00038819319147654
4.75 3.1748 0.0265207 0.00051329239142618
4.75 5.14256 0.0261232 0.00040353095766169
4.75 6.54213 0.0247748 0.00031035685106344
4.75 8.20313 0.0227371 0.00033783061237174
4.75 9.69762 0.0214688 0.00024650489226995
4.75 11.3755 0.0197484 0.0001651781921325
4.75 12.9584 0.0186497 0.00011787831383575
4.75 14.5998 0.01768 0.00013452165252544
4.75 16.165 0.0169288 0.00013199968039708
4.75 17.775 0.0163456 0.00010494801168875
4.75 19.3169 0.0159738 0.00010225620109791
4.75 21.0505 0.0158799 9.7313848744046e-05
4.75 22.5953 0.015544 8.0070125516271e-05
4.75 24.2882 0.0153936 0.00012659827272109
5 2 0.0255507 0.00034123516107348
5 3.1748 0.0298877 0.00027846466512001
5 5.14256 0.0296526 0.00053273745091152
5 6.54213 0.0284092 0.00051266887556985
5 8.20313 0.0263236 0.00037751600648951
5 9.69762 0.0246403 0.00025031533238695
5 11.3755 0.0234765 0.00019111725172821
5 12.9584 0.0220968 0.00017164231750462
5 14.5998 0.021051 0.00022686886355214
5 16.165 0.0203099 0.00021373061316368
5 17.775 0.0196229 0.00020904887146376
5 19.3169 0.0187866 0.00023006984885661
5 21.0505 0.0184154 0.00024075070945101
5 22.5953 0.0182137 0.00019260368352186
5 24.2882 0.0181566 0.00017826519318452
5.25 2 0.0288847 0.00068117092388347
5.25 3.1748 0.033284 0.00055133796013439
5.25 5.14256 0.0336671 0.0005559511528728
5.25 6.54213 0.0324217 0.00059139699893734
5.25 8.20313 0.0300115 0.00053319734213934
5.25 9.69762 0.0279964 0.00029862427434441
5.25 11.3755 0.0258277 0.00022052873431386
5.25 12.9584 0.0246604 0.0001380437345761
5.25 14.5998 0.0233341 0.000281418478708
5.25 16.165 0.0225043 0.00028115267899611
5.25 17.775 0.0215081 0.00024495494005005
5.25 19.3169 0.020879 0.00022200658245536
5.25 21.0505 0.0205788 0.00027906927483719
5.25 22.5953 0.0197401 0.00014226855381874
5.25 24.2882 0.0195577 0.00016738605557717
5.5 2 0.0305412 0.00051532581092527
5.5 3.1748 0.0363333 0.00076691018868
5.5 5.14256 0.0386039 0.00062772766536918
5.5 6.54213 0.0362293 0.00057332137533495
5.5 8.20313 0.0343665 0.00054989206682244
5.5 9.69762 0.0319196 0.00034363522089292
5.5 11.3755 0.0293169 0.00023716975725043
5.5 12.9584 0.0278318 0.00025815836346839
5.5 14.5998 0.0262528 0.00028227694181002
5.5 16.165 0.025312 0.00021490689117747
5.5 17.775 0.0243197 0.00029089130943368
5.5 19.3169 0.0236446 0.00019416939537807
5.5 21.0505 0.0228736 0.00022365219099536
5.5 22.5953 0.0227227 0.00018667827281297
5.5 24.2882 0.0220708 0.00019058579361453
5.75 2 0.0337792 0.00057912588444669
5.75 3.1748 0.0404815 0.00076222944956481
5.75 5.14256 0.0418914 0.00071348851000399
5.75 6.54213 0.0420678 0.00048377005228142
5.75 8.20313 0.0385227 0.00040781980165153
5.75 9.69762 0.0367512 0.00044728735454375
5.75 11.3755 0.0341094 0.00041328348321811
5.75 12.9584 0.0319036 0.00027813437624103
5.75 14.5998 0.0296854 0.00018370025953245
5.75 16.165 0.0285365 0.00023694931715887
5.75 17.775 0.0274261 0.00018808222104604
5.75 19.3169 0.0263212 0.00011972284399225
5.75 21.0505 0.0252031 0.0001513724633406
5.75 22.5953 0.0244214 0.00019915795248649
5.75 24.2882 0.0240578 0.00013310469697466
6 2 0.0367241 0.00064816247555979
6 3.1748 0.0439898 0.00086519240871408
6 5.14256 0.0461813 0.00070958065741063
6 6.54213 0.0450329 0.00095272472250041
6 8.20313 0.0432304 0.00071968316881942
6 9.69762 0.0412828 0.00025882219554977
6 11.3755 0.0384939 0.0003765338373621
6 12.9584 0.0359901 0.00037305435260661
6 14.5998 0.033896 0.00034493861462383
6 16.165 0.0322963 0.00039550864329167
6 17.775 0.0308647 0.00029975547846924
6 19.3169 0.029654 0.00028182674198242
6 21.0505 0.0284967 0.00025351418113876
6 22.5953 0.0278974 0.00031570425737386
6 24.2882 0.027139 0.00028078668504744
6.25 2 0.0400413 0.00073611929919717
6.25 3.1748 0.048973 0.00038296965956685
6.25 5.14256 0.0512378 0.0006976780615352
6.25 6.54213 0.050357 0.00089642015644913
6.25 8.20313 0.0475732 0.00063467367599749
6.25 9.69762 0.0466683 0.00027710136483924
6.25 11.3755 0.0429499 0.00032468052085066
6.25 12.9584 0.0401986 0.00033042055232922
6.25 14.5998 0.0381114 0.00041904461650267
6.25 16.165 0.0362514 0.0003792707550872
6.25 17.775 0.0342254 0.00041649633407242
6.25 19.3169 0.0334933 0.00032479355852631
6.25 21.0505 0.0320001 0.00039486215479568
6.25 22.5953 0.0310325 0.00023860703056848
6.25 24.2882 0.0297847 0.00025673788311162
6.5 2 0.0421929 0.00060838444827453
6.5 3.1748 0.050989 0.0010450783041955
6.5 5.14256 0.0550792 0.0015342142260434
6.5 6.54213 0.0550375 0.0012398051182565
6.5 8.20313 0.0532747 0.0013981390119986
6.5 9.69762 0.0507268 0.0011179091676972
6.5 11.3755 0.0471781 0.0010057957574266
6.5 12.9584 0.0442836 0.00081604338946161
6.5 14.5998 0.0426126 0.00063366713540278
6.5 16.165 0.0399219 0.00056780155809774
6.5 17.775 0.0380268 0.00043427826913324
6.5 19.3169 0.0362267 0.00045410060253367
6.5 21.0505 0.0350709 0.00037041481102256
6.5 22.5953 0.0337844 0.00042497005500086
6.5 24.2882 0.0325414 0.00041437573529801
6.75 2 0.044953 0.0010298237111214
6.75 3.1748 0.0546189 0.0011402643070964
6.75 5.14256 0.0601158 0.0010880303617746
6.75 6.54213 0.060666 0.001042442359006
6.75 8.20313 0.0584586 0.00083818992339065
6.75 9.69762 0.0555396 0.00053612452202984
6.75 11.3755 0.0520052 0.00068834508741423
6.75 12.9584 0.0495493 0.00043287844715808
6.75 14.5998 0.0468322 0.0006516041043229
6.75 16.165 0.0439461 0.000607499980225
6.75 17.775 0.0425981 0.0005746481853369
6.75 19.3169 0.0405069 0.00049734651919678
6.75 21.0505 0.0387388 0.0005508458892908
6.75 22.5953 0.037681 0.00040532586138076
6.75 24.2882 0.0362499 0.000436574767414
7 2 0.04821 0.00093995171137504
7 3.1748 0.0591019 0.0012644221422895
7 5.14256 0.0633317 0.00093324799257323
7 6.54213 0.0629485 0.00089477809051116
7 8.20313 0.0617406 0.00086925489510109
7 9.69762 0.0598923 0.00077618066681558
7 11.3755 0.0562431 0.00076097555050523
7 12.9584 0.0547401 0.00062641651930975
7 14.5998 0.0511554 0.00069012880592457
7 16.165 0.0485101 0.00065122523060696
7 17.775 0.0461791 0.00070476675662378
7 19.3169 0.0444431 0.00055698027151741
7 21.0505 0.0420443 0.00042308474257101
7 22.5953 0.0405558 0.00039303220288533
7 24.2882 0.0392904 0.00038184406303106
7.25 2 0.0506263 0.0013061067926836
7.25 3.1748 0.0636389 0.0012845721853656
7.25 5.14256 0.0687463 0.0010792130976642
7.25 6.54213 0.0685637 0.00082726253355792
7.25 8.20313 0.0668963 0.0010969033732944
7.25 9.69762 0.0647177 0.00096469639815193
7.25 11.3755 0.0613769 0.00070381883058927
7.25 12.9584 0.0588692 0.00076959663403825
7.25 14.5998 0.0555855 0.00072839109047142
7.25 16.165 0.0528635 0.00084927547292616
7.25 17.775 0.0507053 0.00074224016761064
7.25 19.3169 0.0490202 0.00063191220216697
7.25 21.0505 0.0466221 0.000662893904125
7.25 22.5953 0.0451838 0.00058005384178683
7.25 24.2882 0.042985 0.0005098792481106
7.5 2 0.0540417 0.001336423972835
7.5 3.1748 0.0674908 0.0011457168475279
7.5 5.14256 0.0734929 0.0012536023293002
7.5 6.54213 0.0735863 0.00073563310585473
7.5 8.20313 0.071827 0.00090121943301075
7.5 9.69762 0.069794 0.00071621824496064
7.5 11.3755 0.0663154 0.00049144901442263
7.5 12.9584 0.0640925 0.00063947298918529
7.5 14.5998 0.0608057 0.00094678877207137
7.5 16.165 0.0573657 0.00084663898429274
7.5 17.775 0.054965 0.00082927173304883
7.5 19.3169 0.0533342 0.00074156604732082
7.5 21.0505 0.0501633 0.00073606285239224
7.5 22.5953 0.049001 0.00059804039321233
7.5 24.2882 0.0469264 0.0006276299597823
7.75 2 0.057527 0.00090348362256723
7.75 3.1748 0.0725376 0.0013123455513974
7.75 5.14256 0.0792086 0.0010278324051703
7.75 6.54213 0.0793962 0.00079753936424405
7.75 8.20313 0.0781935 0.00067176628148441
7.75 9.69762 0.0761135 0.00079000567889051
7.75 11.3755 0.0730378 0.00053135544028045
7.75 12.9584 0.0691972 0.0006632027895205
7.75 14.5998 0.0658045 0.00082299620861197
7.75 16.165 0.0633343 0.0008164758661769
7.75 17.775 0.0597793 0.00085992866947633
7.75 19.3169 0.0572968 0.0006678228322921
7.75 21.0505 0.0550126 0.00065259035967269
7.75 22.5953 0.0529965 0.00067993697146266
7.75 24.2882 0.050839 0.00052118202738501
8 2 0.0600943 0.0014319297809792
8 3.1748 0.0740129 0.0014147008007561
8 5.14256 0.0818781 0.0013792584299389
8 6.54213 0.0831027 0.00087644965984657
8 8.20313 0.0820759 0.0010704592461622
8 9.69762 0.0804838 0.0011693779393334
8 11.3755 0.0775575 0.00090046940884501
8 12.9584 0.0744801 0.0010709812574889
8 14.5998 0.0705565 0.00097807644328847
8 16.165 0.0670842 0.0011684910519404
8 17.775 0.0640392 0.00090931528637592
8 19.3169 0.0617499 0.00094138589531231
8 21.0505 0.0590947 0.00075101032223695
8 22.5953 0.0563858 0.00070245500578304
8 24.2882 0.0548442 0.00060177850472678
8.25 2 0.0644659 0.001243178215299
8.25 3.1748 0.0794462 0.0015788996893119
8.25 5.14256 0.0879726 0.00096110624951078
8.25 6.54213 0.0882969 0.00086084806715308
8.25 8.20313 0.0867 0.00090067591284462
8.25 9.69762 0.0851949 0.00081579301394209
8.25 11.3755 0.0821829 0.00083059661879443
8.25 12.9584 0.0790021 0.00083624331801543
8.25 14.5998 0.0760759 0.00091529795226475
8.25 16.165 0.072862 0.00072244764581182
8.25 17.775 0.0690517 0.00092471630077579
8.25 19.3169 0.0661483 0.0008325247631494
8.25 21.0505 0.0632781 0.00072933763040729
8.25 22.5953 0.0605617 0.0007908884359809
8.25 24.2882 0.0588412 0.00076282234131496
8.5 2 0.0679779 0.0015683679348118
8.5 3.1748 0.0830095 0.0012400314704334
8.5 5.14256 0.0894855 0.00098979869611898
8.5 6.54213 0.0919164 0.00068696971649726
8.5 8.20313 0.0918333 0.0012967869174953
8.5 9.69762 0.0914404 0.00085762113436759
8.5 11.3755 0.0879222 0.00085129079161293
8.5 12.9584 0.084384 0.00090159534873237
8.5 14.5998 0.0811665 0.0012261000192822
8.5 16.165 0.0780101 0.0010974242447049
8.5 17.775 0.0747 0.0011139657805936
8.5 19.3169 0.0727499 0.00097124456440712
8.5 21.0505 0.0694147 0.001040372468234
8.5 22.5953 0.0670829 0.00088455713196903
8.5 24.2882 0.0641759 0.00085165388787396
8.75 2 0.0701937 0.0020233925558796
8.75 3.1748 0.0874965 0.001192976350408
8.75 5.14256 0.0947167 0.0012018750348481
8.75 6.54213 0.0979046 0.0014751386664797
8.75 8.20313 0.099113 0.0014632783281419
8.75 9.69762 0.0970188 0.0016130208372311
8.75 11.3755 0.095583 0.001260862040513
8.75 12.9584 0.091146 0.0011644111468082
8.75 14.5998 0.0874808 0.0010980927374953
8.75 16.165 0.0837038 0.0011255311152644
8.75 17.775 0.0807147 0.001089522391066
8.75 19.3169 0.077938 0.0010311597505834
8.75 21.0505 0.0753731 0.00076913614652295
8.75 22.5953 0.0723186 0.00091867382818695
8.75 24.2882 0.070907 0.00049918869273114
9 2 0.0738296 0.0015190587616344
9 3.1748 0.0913569 0.0018983689851882
9 5.14256 0.101641 0.0011846084944592
9 6.54213 0.104095 0.001684919120155
9 8.20313 0.104973 0.0016440998023641
9 9.69762 0.103536 0.001632259744961
9 11.3755 0.10057 0.00090330769127366
9 12.9584 0.0973082 0.0010127036450482
9 14.5998 0.0941074 0.0014890316923076
9 16.165 0.0897493 0.0015410417983914
9 17.775 0.0866104 0.0015694270987057
9 19.3169 0.0831838 0.0012192227458195
9 21.0505 0.0806957 0.0011142070124577
9 22.5953 0.0776134 0.0011972133963559
9 24.2882 0.074305 0.0010554979086319
9.25 2 0.0764882 0.001787936706485
9.25 3.1748 0.0942092 0.0018908913595956
9.25 5.14256 0.106137 0.0017214720547016
9.25 6.54213 0.110382 0.0023640102191779
9.25 8.20313 0.111484 0.002018926017882
9.25 9.69762 0.109601 0.001562700787085
9.25 11.3755 0.106466 0.0015439796198205
9.25 12.9584 0.102887 0.0017013900394495
9.25 14.5998 0.0993905 0.0015966092291466
9.25 16.165 0.0962298 0.0012897522863617
9.25 17.775 0.0926229 0.0013332265880862
9.25 19.3169 0.0892533 0.0015213354567203
9.25 21.0505 0.0866422 0.001267361064628
9.25 22.5953 0.0839049 0.0012901357938642
9.25 24.2882 0.0806162 0.0012567865866595
9.5 2 0.0773579 0.0019320092620046
9.5 3.1748 0.0967946 0.0018429166246374
9.5 5.14256 0.110181 0.0015937858635696
9.5 6.54213 0.114022 0.0020249155074963
9.5 8.20313 0.116796 0.0021165995585869
9.5 9.69762 0.115584 0.002357420618539
9.5 11.3755 0.112854 0.0017258589573446
9.5 12.9584 0.10896 0.00099935163550511
9.5 14.5998 0.105304 0.0015444937732624
9.5 16.165 0.101637 0.0015341614477126
9.5 17.775 0.0978317 0.0016828071859173
9.5 19.3169 0.0948138 0.0015407273184321
9.5 21.0505 0.0913858 0.00098601279347063
9.5 22.5953 0.0891762 0.0011653769320504
9.5 24.2882 0.0873081 0.0022325487017371
