3 2 0.0109217 0.0002891825291347
3 3.1748 0.0107256 0.00020269395659254
3 5.14256 0.010141 0.00015193085199906
3 6.54213 0.0094121 0.00022159336606538
3 8.20313 0.0088055 0.00012489377934584
3 9.69762 0.00795142 0.00016102963190544
3 11.3755 0.00776661 0.00014090693729124
3 12.9584 0.00763818 8.9833271603934e-05
3 14.5998 0.0075845 9.8990924035038e-05
3 16.165 0.00764143 0.00011723368000074
3 17.775 0.00725018 9.2433540197203e-05
3 19.3169 0.00738303 0.00011415220749899
3 21.0505 0.00731155 0.00010798497722879
3 22.5953 0.00723582 0.00010159384474179
3 24.2882 0.00722738 0.00010535428508041
3.25 2 0.0129965 0.00035769291669792
3.25 3.1748 0.0138382 0.00020729539611744
3.25 5.14256 0.0126085 0.00018120098690969
3.25 6.54213 0.0114861 0.00017990773676965
3.25 8.20313 0.0104219 0.00015383492890401
3.25 9.69762 0.0103992 0.00012326480403685
3.25 11.3755 0.00963586 0.00014490017321405
3.25 12.9584 0.0092241 0.00014309078764637
3.25 14.5998 0.00916123 8.7557598327876e-05
3.25 16.165 0.00912462 9.965211503592e-05
3.25 17.775 0.00926105 7.5197264954193e-05
3.25 19.3169 0.00872001 5.619550109668e-05
3.25 21.0505 0.00866495 7.1061659624656e-05
3.25 22.5953 0.00871437 7.6723031344886e-05
3.25 24.2882 0.0088181 0.00010689341921691
3.5 2 0.0155143 0.0003627424835519
3.5 3.1748 0.0159967 0.00043129654096951
3.5 5.14256 0.0153362 0.00025994634550278
3.5 6.54213 0.0143863 0.00024100126588002
3.5 8.20313 0.0129667 0.0001913406265056
3.5 9.69762 0.0124684 0.00013229636474527
3.5 11.3755 0.0117137 0.00018861652410141
3.5 12.9584 0.0113685 0.0001469297663864
3.5 14.5998 0.0111479 0.00010165024767239
3.5 16.165 0.0109108 0.00011660830869124
3.5 17.775 0.0105997 9.79663845426e-05
3.5 19.3169 0.0106042 0.00011798597970286
3.5 21.0505 0.0108009 0.00015064129904232
3.5 22.5953 0.0103986 9.7412268219246e-05
3.5 24.2882 0.0102983 9.0776026098995e-05
3.75 2 0.018633 0.00038655138423906
3.75 3.1748 0.0195546 0.0003674814017895
3.75 5.14256 0.0182622 0.00027795692006347
3.75 6.54213 0.0170824 0.00028239168277417
3.75 8.20313 0.0159419 0.00028940109932055
3.75 9.69762 0.0146573 0.00016018671965812
3.75 11.3755 0.013743 0.00015248665220474
3.75 12.9584 0.0137176 0.00014706973593174
3.75 14.5998 0.0127792 9.9696693343412e-05
3.75 16.165 0.0122297 8.1422160152945e-05
3.75 17.775 0.0124871 0.0001294954670096
3.75 19.3169 0.0121123 0.00014684676324396
3.75 21.0505 0.0121214 0.00010789165572207
3.75 22.5953 0.0119302 0.00012126033219177
3.75 24.2882 0.0117312 0.0001831621064156
4 2 0.0214295 0.00044753139554768
4 3.1748 0.0226266 0.00043303855671384
4 5.14256 0.0217113 0.00032203594428807
4 6.54213 0.0206316 0.00019840314073082
4 8.20313 0.0189826 0.00019522991103993
4 9.69762 0.0174574 9.0936469060768e-05
4 11.3755 0.0164126 0.00012927876856187
4 12.9584 0.0157968 0.00014042871092241
4 14.5998 0.0151121 0.00011225316409737
4 16.165 0.0150416 0.00016284052781571
4 17.775 0.0146816 0.00013681858426693
4 19.3169 0.0146257 0.00013101585364999
4 21.0505 0.0144872 0.00015312903374935
4 22.5953 0.0144492 0.00012147537365789
4 24.2882 0.0143613 0.00017185094604357
4.25 2 0.024471 0.00043157335703201
4.25 3.1748 0.0254612 0.00058974117998991
4.25 5.14256 0.0256499 0.00025169783665417
4.25 6.54213 0.024748 0.00026361008025799
4.25 8.20313 0.0227395 0.00025576315948753
4.25 9.69762 0.0209052 0.00015256216266205
4.25 11.3755 0.0195235 0.0001784460527712
4.25 12.9584 0.0186774 0.00018423735752535
4.25 14.5998 0.0175023 0.00014908860424405
4.25 16.165 0.0170349 0.00019062035906156
4.25 17.775 0.0167842 0.00013813083980731
4.25 19.3169 0.0164641 0.00015218514628805
4.25 21.0505 0.0163763 0.00014915961459756
4.25 22.5953 0.0157486 0.00018174176659497
4.25 24.2882 0.0156365 0.00015134537282529
4.5 2 0.0258315 0.00054945567667069
4.5 3.1748 0.0293413 0.00057186502450602
4.5 5.14256 0.0298125 0.00049021429883693
4.5 6.54213 0.0285915 0.00044210639008473
4.5 8.20313 0.0268786 0.0002851988122353
4.5 9.69762 0.0250935 0.00021009060545433
4.5 11.3755 0.0234083 0.00020890772718643
4.5 12.9584 0.0217446 0.00021552116522219
4.5 14.5998 0.0207283 0.00017035778354393
4.5 16.165 0.0199113 0.00014104414203265
4.5 17.775 0.0189154 8.535826725057e-05
4.5 19.3169 0.0187634 0.0001153209219477
4.5 21.0505 0.0183863 0.00013555219532598
4.5 22.5953 0.0179092 7.723610312853e-05
4.5 24.2882 0.0176772 8.7617926120792e-05
4.75 2 0.0286402 0.00060062976666093
4.75 3.1748 0.0325862 0.00062502720769234
4.75 5.14256 0.0337344 0.00078225901091606
4.75 6.54213 0.0332451 0.00064928223651958
4.75 8.20313 0.0305956 0.00052111670901284
4.75 9.69762 0.0286048 0.00034056400485304
4.75 11.3755 0.0263814 0.00026414878508601
4.75 12.9584 0.0244591 0.0001705474205564
4.75 14.5998 0.0234787 0.00020654394820384
4.75 16.165 0.0225198 0.00016163244617279
4.75 17.775 0.0218337 0.00015566152434101
4.75 19.3169 0.0211391 0.00012475215193294
4.75 21.0505 0.0208282 0.00017801718940234
4.75 22.5953 0.0205702 0.00016515124993379
4.75 24.2882 0.0200599 0.00013875739844789
5 2 0.0322079 0.00065435327148659
5 3.1748 0.0361849 0.00089072760691793
5 5.14256 0.0379687 0.00057309430618898
5 6.54213 0.0373961 0.00048335995843125
5 8.20313 0.0354317 0.00037148736099317
5 9.69762 0.0326923 0.00031721490553766
5 11.3755 0.0301967 0.00029203427566186
5 12.9584 0.0284572 0.00027005218137843
5 14.5998 0.0267774 0.00024578593963525
5 16.165 0.0258516 0.00021409122846353
5 17.775 0.024588 0.00016501241251997
5 19.3169 0.0241377 0.00013425060885547
5 21.0505 0.0234581 0.0001495449797798
5 22.5953 0.0232294 0.00013525579066
5 24.2882 0.0224423 0.00017710444482526
5.25 2 0.0363294 0.00077618650668775
5.25 3.1748 0.0410376 0.0011110421203387
5.25 5.14256 0.0437592 0.00097601923139317
5.25 6.54213 0.0433399 0.00070267518905175
5.25 8.20313 0.0403444 0.00060376766861005
5.25 9.69762 0.0374454 0.00044559590718129
5.25 11.3755 0.0351968 0.00037483004196124
5.25 12.9584 0.0326081 0.00039579538984503
5.25 14.5998 0.0309341 0.00023774711034105
5.25 16.165 0.0294107 0.00017477735166569
5.25 17.775 0.0283486 0.00019059822608716
5.25 19.3169 0.0273376 0.00020899898559364
5.25 21.0505 0.0264894 0.00017904736028409
5.25 22.5953 0.0258628 0.00013655651302331
5.25 24.2882 0.0255316 0.00016823476203895
5.5 2 0.0376138 0.00086767296242097
5.5 3.1748 0.0441422 0.00077512490927717
5.5 5.14256 0.0476276 0.00074443386693173
5.5 6.54213 0.046683 0.00061239927951674
5.5 8.20313 0.0448106 0.0005701005482949
5.5 9.69762 0.0418451 0.00043489504121263
5.5 11.3755 0.0387589 0.00031297184034042
5.5 12.9584 0.0364743 0.00027747448784257
5.5 14.5998 0.0341708 0.00029852576738042
5.5 16.165 0.032508 0.00021128187859076
5.5 17.775 0.0310724 0.00022259058768562
5.5 19.3169 0.0299261 0.00017478124554149
5.5 21.0505 0.0293041 0.0001914859558614
5.5 22.5953 0.0287588 0.00018692859025741
5.5 24.2882 0.0278425 0.00013450401945839
5.75 2 0.0418972 0.00086016697371558
5.75 3.1748 0.0492934 0.00090047480151581
5.75 5.14256 0.0532291 0.00077398799499354
5.75 6.54213 0.0525154 0.00073703750712815
5.75 8.20313 0.0505463 0.0003702995883922
5.75 9.69762 0.0470712 0.00051648579966166
5.75 11.3755 0.0436413 0.00037694082058326
5.75 12.9584 0.040613 0.00025183513486145
5.75 14.5998 0.0385713 0.00038123109301241
5.75 16.165 0.036682 0.00022559633475422
5.75 17.775 0.0354609 0.00029975231083516
5.75 19.3169 0.0345146 0.00024153704952116
5.75 21.0505 0.033171 0.00023907209171827
5.75 22.5953 0.032591 0.00023729510774993
5.75 24.2882 0.0318224 0.00023298420850256
6 2 0.0446527 0.00090590467698738
6 3.1748 0.0525685 0.0011119951400161
6 5.14256 0.0570328 0.00090419625911863
6 6.54213 0.0569149 0.00091728337500332
6 8.20313 0.0548422 0.000647570629146
6 9.69762 0.0516317 0.0003909783754186
6 11.3755 0.0488899 0.00042376354442684
6 12.9584 0.0449025 0.00045060527781799
6 14.5998 0.042477 0.00044770081321569
6 16.165 0.0411082 0.00043007337037074
6 17.775 0.0394443 0.00044428986987694
6 19.3169 0.038245 0.00034021577396288
6 21.0505 0.0371143 0.00038281061453438
6 22.5953 0.0356718 0.0002663735265987
6 24.2882 0.0350854 0.00029286983728538
6.25 2 0.0471566 0.0011707663933693
6.25 3.1748 0.0563133 0.0011428007123591
6.25 5.14256 0.0621773 0.0011679588846662
6.25 6.54213 0.062533 0.0011448859348845
6.25 8.20313 0.060415 0.00086943355179315
6.25 9.69762 0.0576498 0.00069296342528723
6.25 11.3755 0.0534918 0.00081711477126108
6.25 12.9584 0.0500678 0.00071706368988186
6.25 14.5998 0.0478555 0.00086592712563306
6.25 16.165 0.0454326 0.00049027060229458
6.25 17.775 0.0431331 0.00045934657503244
6.25 19.3169 0.0418019 0.00039586787273174
6.25 21.0505 0.0401351 0.00036560513968179
6.25 22.5953 0.0394789 0.00036880989687468
6.25 24.2882 0.0381183 0.00031716907952324
6.5 2 0.0498179 0.00088363402759886
6.5 3.1748 0.0601088 0.0011207958630327
6.5 5.14256 0.066055 0.0011106580711375
6.5 6.54213 0.0671458 0.0011276155654534
6.5 8.20313 0.066257 0.00086759954635622
6.5 9.69762 0.0632444 0.00083498850443062
6.5 11.3755 0.0595232 0.00066259541132673
6.5 12.9584 0.0568768 0.00075068118088834
6.5 14.5998 0.054082 0.00058315206328899
6.5 16.165 0.0511226 0.00060908347980041
6.5 17.775 0.0490497 0.0005253894264324
6.5 19.3169 0.0470239 0.0003882417819409
6.5 21.0505 0.0454936 0.00045553946151101
6.5 22.5953 0.0438735 0.0003972713486053
6.5 24.2882 0.0424403 0.00038548270192279
6.75 2 0.0529887 0.0012165360496815
6.75 3.1748 0.0643775 0.0014483893654951
6.75 5.14256 0.0716154 0.0011998297513484
6.75 6.54213 0.0725997 0.0011145627187764
6.75 8.20313 0.0720612 0.00094658351329653
6.75 9.69762 0.0692628 0.00096072372347513
6.75 11.3755 0.0649977 0.00081605114153644
6.75 12.9584 0.062941 0.00085163691097507
6.75 14.5998 0.0591107 0.00075614030041124
6.75 16.165 0.0564566 0.00069105394880697
6.75 17.775 0.0543931 0.00074288261449122
6.75 19.3169 0.0524407 0.00053812606924848
6.75 21.0505 0.0505242 0.0005331102994743
6.75 22.5953 0.0486767 0.00043016211083117
6.75 24.2882 0.0469593 0.00045669495704611
7 2 0.0564528 0.00095154018292504
7 3.1748 0.0682105 0.0010041824096726
7 5.14256 0.0761123 0.001668732227424
7 6.54213 0.078332 0.0014191833911263
7 8.20313 0.0784559 0.001321052137518
7 9.69762 0.0760578 0.00077716757212255
7 11.3755 0.0712412 0.00094849335678692
7 12.9584 0.0676735 0.00088896293732995
7 14.5998 0.0643513 0.00076955662521794
7 16.165 0.0619634 0.00059611945064578
7 17.775 0.0590552 0.00056026947548085
7 19.3169 0.0562473 0.00058057436489949
7 21.0505 0.0544118 0.00057747218886252
7 22.5953 0.0524599 0.00049683034468682
7 24.2882 0.0504584 0.00041588930032887
7.25 2 0.0622279 0.0011740175012269
7.25 3.1748 0.0732588 0.0020567997523584
7.25 5.14256 0.0815391 0.0016449747046468
7.25 6.54213 0.0853234 0.0014616779947502
7.25 8.20313 0.0854918 0.0013357676997491
7.25 9.69762 0.0820315 0.0012322013815474
7.25 11.3755 0.0789246 0.0011949209819648
7.25 12.9584 0.0761688 0.0011254866697402
7.25 14.5998 0.0722249 0.0011113956502576
7.25 16.165 0.068452 0.00097257008954653
7.25 17.775 0.065173 0.00080070611086614
7.25 19.3169 0.0629392 0.00074008573364898
7.25 21.0505 0.0603724 0.0006722466374943
7.25 22.5953 0.0575918 0.00057409262645832
7.25 24.2882 0.0556509 0.0005435061522117
7.5 2 0.0643827 0.0017564108950433
7.5 3.1748 0.0774765 0.0015103095274602
7.5 5.14256 0.0875652 0.0013427485399715
7.5 6.54213 0.0894994 0.0014925795864517
7.5 8.20313 0.0889159 0.0011269142464258
7.5 9.69762 0.0862975 0.0011952621937856
7.5 11.3755 0.0829886 0.0010670258625609
7.5 12.9584 0.0799782 0.0010522712419347
7.5 14.5998 0.0764566 0.0010161787705638
7.5 16.165 0.0733525 0.0010991775661364
7.5 17.775 0.0702987 0.00093955433793449
7.5 19.3169 0.0673422 0.0009504284680265
7.5 21.0505 0.064622 0.00086914152924182
7.5 22.5953 0.0617718 0.00068482619373408
7.5 24.2882 0.0599954 0.00075666708809793
7.75 2 0.0677147 0.0014052031294879
7.75 3.1748 0.0814263 0.00083134244413227
7.75 5.14256 0.0928166 0.0014281810889717
7.75 6.54213 0.0954146 0.0015558852818306
7.75 8.20313 0.0953404 0.0010912786078447
7.75 9.69762 0.0930598 0.0010006556241435
7.75 11.3755 0.090324 0.0012399115659481
7.75 12.9584 0.0873057 0.0010886084857432
7.75 14.5998 0.0839447 0.001069232293576
7.75 16.165 0.0798901 0.0011756546198254
7.75 17.775 0.0766257 0.0012954119542658
7.75 19.3169 0.0737063 0.0013208067696187
7.75 21.0505 0.0702638 0.0010910252149817
7.75 22.5953 0.0676537 0.0011765108624079
7.75 24.2882 0.0656389 0.0010048955936187
8 2 0.0704669 0.0011867718004066
8 3.1748 0.0861758 0.0015581801757731
8 5.14256 0.0976078 0.0014245699778669
8 6.54213 0.0995052 0.0012382591192128
8 8.20313 0.0993556 0.001172634884632
8 9.69762 0.0977362 0.00096585209343835
8 11.3755 0.0957877 0.0012355702754886
8 12.9584 0.0938441 0.0011522107717002
8 14.5998 0.0890591 0.0011654158069763
8 16.165 0.08621 0.0012878718337332
8 17.775 0.082327 0.0014445927408347
8 19.3169 0.0791883 0.0011923183863358
8 21.0505 0.0755415 0.001249242582084
8 22.5953 0.0734379 0.0011893808332142
8 24.2882 0.0702461 0.0011133014519227
8.25 2 0.0747646 0.00091588516482926
8.25 3.1748 0.0901196 0.0019607840852861
8.25 5.14256 0.101178 0.0013928730424736
8.25 6.54213 0.105197 0.0013458179799545
8.25 8.20313 0.106378 0.001142733462182
8.25 9.69762 0.104889 0.0018925618642869
8.25 11.3755 0.102988 0.0018259831523505
8.25 12.9584 0.100457 0.0013489682304881
8.25 14.5998 0.0966905 0.0016587028227201
8.25 16.165 0.0932707 0.0014663003348144
8.25 17.775 0.0905082 0.0013759216834384
8.25 19.3169 0.0863 0.0015868461496265
8.25 21.0505 0.0824712 0.0014717779928185
8.25 22.5953 0.0794091 0.0012001509160482
8.25 24.2882 0.0764517 0.0011662575439247
8.5 2 0.0762448 0.0013112818561483
8.5 3.1748 0.0924273 0.001237452826508
8.5 5.14256 0.10532 0.0015454929242569
8.5 6.54213 0.109341 0.0013632265049882
8.5 8.20313 0.11067 0.0014984697663392
8.5 9.69762 0.110387 0.0016585013766557
8.5 11.3755 0.108106 0.001677567417827
8.5 12.9584 0.106038 0.0015814818258987
8.5 14.5998 0.102505 0.0016541184219717
8.5 16.165 0.0989435 0.0018293566426418
8.5 17.775 0.0953554 0.0013821879562045
8.5 19.3169 0.0910778 0.0013800230763862
8.5 21.0505 0.0879486 0.0013695005063566
8.5 22.5953 0.0849172 0.001189302646574
8.5 24.2882 0.0818379 0.0010770022066473
8.75 2 0.0787482 0.0013617167855099
8.75 3.1748 0.0975354 0.0016753013359976
8.75 5.14256 0.109886 0.0016493509376523
8.75 6.54213 0.115738 0.0016180458229331
8.75 8.20313 0.117272 0.0017832731766602
8.75 9.69762 0.116562 0.0022615183816745
8.75 11.3755 0.115402 0.0024023805454447
8.75 12.9584 0.11352 0.0018019117289308
8.75 14.5998 0.110985 0.0017773591551451
8.75 16.165 0.106925 0.0017028572725445
8.75 17.775 0.10223 0.0020273661523415
8.75 19.3169 0.0979159 0.001735474475144
8.75 21.0505 0.0953544 0.0015289357320226
8.75 22.5953 0.0913712 0.0015482855687903
8.75 24.2882 0.0873316 0.0013277810116908
9 2 0.0830845 0.0017606751137754
9 3.1748 0.101777 0.0014624135992091
9 5.14256 0.116888 0.0017806185064538
9 6.54213 0.122786 0.0020088543843235
9 8.20313 0.125212 0.0018006441555778
9 9.69762 0.12444 0.0021529564929015
9 11.3755 0.122894 0.001979608848092
9 12.9584 0.120018 0.0018901705652224
9 14.5998 0.116429 0.001978563858328
9 16.165 0.113105 0.001692496491883
9 17.775 0.109432 0.0018725575185062
9 19.3169 0.105437 0.0018470963065308
9 21.0505 0.101624 0.0018868233317296
9 22.5953 0.09757 0.0019030176521318
9 24.2882 0.0944851 0.0017503826798633
9.25 2 0.086394 0.0016091964588484
9.25 3.1748 0.105981 0.0015044790743366
9.25 5.14256 0.122064 0.0014181149460004
9.25 6.54213 0.12544 0.0014137846274116
9.25 8.20313 0.129195 0.0019903807983783
9.25 9.69762 0.129068 0.0021772051186971
9.25 11.3755 0.127656 0.0017108369662083
9.25 12.9584 0.126838 0.0017601887605126
9.25 14.5998 0.123101 0.0020364917990635
9.25 16.165 0.119415 0.0023119167676847
9.25 17.775 0.115168 0.0018856377609825
9.25 19.3169 0.111175 0.0021920812028761
9.25 21.0505 0.107497 0.0019273285429617
9.25 22.5953 0.104022 0.0019530184421008
9.25 24.2882 0.100358 0.0018332883621464
9.5 2 0.0886807 0.0015657744389689
9.5 3.1748 0.110276 0.0018940091252235
9.5 5.14256 0.125569 0.0016776518187441
9.5 6.54213 0.131461 0.0021679821587339
9.5 8.20313 0.13525 0.0029192163874009
9.5 9.69762 0.135651 0.0026478572262276
9.5 11.3755 0.134811 0.0024108460854521
9.5 12.9584 0.133156 0.0027891886316198
9.5 14.5998 0.129691 0.0026771083397052
9.5 16.165 0.125723 0.0030292704779907
9.5 17.775 0.122764 0.0031128338676296
9.5 19.3169 0.119509 0.0025253187453474
9.5 21.0505 0.115345 0.0022052720389287
9.5 22.5953 0.111015 0.0024827140674305
9.5 24.2882 0.107309 0.0019463995005193
9.75 2 0.0931683 0.0022659800606249
9.75 3.1748 0.114521 0.0023779907690342
9.75 5.14256 0.133849 0.0020909924985428
9.75 6.54213 0.138777 0.0020975405100712
9.75 8.20313 0.140692 0.0017471382237046
9.75 9.69762 0.141827 0.0013914775546918
9.75 11.3755 0.141264 0.0024734862795162
9.75 12.9584 0.139813 0.0029014699298391
9.75 14.5998 0.136749 0.0029675301836371
9.75 16.165 0.133606 0.0028813504320884
9.75 17.775 0.130979 0.0024987852830147
9.75 19.3169 0.126971 0.0028217919838276
9.75 21.0505 0.122551 0.0022377629210142
9.75 22.5953 0.119644 0.0018815485643557
9.75 24.2882 0.115345 0.0016880496327169
10 2 0.0980853 0.0011478864032368
10 3.1748 0.119835 0.0017528170183785
10 5.14256 0.136627 0.0022604519217905
10 6.54213 0.143596 0.0021901095863018
10 8.20313 0.146483 0.002761852808806
10 9.69762 0.148082 0.0024029937870659
10 11.3755 0.149226 0.0025349537255617
10 12.9584 0.146633 0.0028924169175937
10 14.5998 0.143392 0.0025100682261456
10 16.165 0.141029 0.0025717461997043
10 17.775 0.136858 0.0020062936911238
10 19.3169 0.133399 0.0018851549847185
10 21.0505 0.130363 0.0016334675839022
10 22.5953 0.125713 0.0019237903108434
10 24.2882 0.122078 0.0017916447848817
10.25 2 0.100647 0.0020407189368283
10.25 3.1748 0.12471 0.0024195099460109
10.25 5.14256 0.142631 0.0026916413912344
10.25 6.54213 0.149882 0.0027268081873678
10.25 8.20313 0.15417 0.0026190901218678
10.25 9.69762 0.15468 0.0025544696007787
10.25 11.3755 0.154216 0.002441378260808
10.25 12.9584 0.152202 0.0018541601714004
10.25 14.5998 0.150237 0.0023094887827364
10.25 16.165 0.147354 0.0023808483790477
10.25 17.775 0.144092 0.0021333135400381
10.25 19.3169 0.140289 0.0022652342076754
10.25 21.0505 0.135936 0.0022890827388314
10.25 22.5953 0.132478 0.0021275157029757
10.25 24.2882 0.128158 0.0017627772222181
10.5 2 0.103746 0.0022746163696208
10.5 3.1748 0.127914 0.0028656080833641
10.5 5.14256 0.14823 0.0020471100675807
10.5 6.54213 0.156979 0.0023057297685451
10.5 8.20313 0.161059 0.0022377888300355
10.5 9.69762 0.161973 0.0026188837674439
10.5 11.3755 0.161025 0.0025654999056135
10.5 12.9584 0.159859 0.0025073551802807
10.5 14.5998 0.156557 0.0018616509180241
10.5 16.165 0.154115 0.0027463038975718
10.5 17.775 0.150168 0.0024243597737189
10.5 19.3169 0.146661 0.0022890683020431
10.5 21.0505 0.14303 0.0022314448312987
10.5 22.5953 0.139151 0.0023261826503435
10.5 24.2882 0.135496 0.0018125380868778
10.75 2 0.106122 0.0020303512627107
10.75 3.1748 0.131932 0.002287001572217
10.75 5.14256 0.15188 0.0029491121445837
10.75 6.54213 0.160027 0.0028543446736168
10.75 8.20313 0.165281 0.0026377699654427
10.75 9.69762 0.167757 0.0028115531739386
10.75 11.3755 0.16809 0.0027910289496332
10.75 12.9584 0.167041 0.0021502538231528
10.75 14.5998 0.16438 0.0026773858081424
10.75 16.165 0.161749 0.0023962202658858
10.75 17.775 0.15843 0.0017661584205477
10.75 19.3169 0.154292 0.0022109761701686
10.75 21.0505 0.150068 0.0018053594528464
10.75 22.5953 0.145882 0.0017892708884866
10.75 24.2882 0.142288 0.0017654987786985
11 2 0.113312 0.0023204598816784
11 3.1748 0.138787 0.0024374853364521
11 5.14256 0.159152 0.0025570604461365
11 6.54213 0.165416 0.0016912253324307
11 8.20313 0.17371 0.0025435573829137
11 9.69762 0.176876 0.0012020745495864
11 11.3755 0.177048 0.0023961695873727
11 12.9584 0.175993 0.0021592715242787
11 14.5998 0.173709 0.0029518645226681
11 16.165 0.172102 0.0025375848392048
11 17.775 0.167759 0.0026579044406328
11 19.3169 0.164177 0.0023234942705191
11 21.0505 0.159257 0.0021899070908529
11 22.5953 0.155651 0.0020211010932207
11 24.2882 0.150787 0.0020381784002403
11.25 2 0.114456 0.0014134657373609
11.25 3.1748 0.142698 0.0023674839789088
11.25 5.14256 0.164829 0.0022114619916429
11.25 6.54213 0.172985 0.00259985235461
11.25 8.20313 0.179784 0.0024653900434446
11.25 9.69762 0.182465 0.0025721667057775
11.25 11.3755 0.18417 0.001926904805409
11.25 12.9584 nan nan
11.25 14.5998 nan nan
11.25 16.165 0.177573 0.0020281454592842
11.25 17.775 0.173589 0.0017711685595667
11.25 19.3169 0.170458 0.0015276444605416
11.25 21.0505 0.166132 0.0013172577160984
11.25 22.5953 0.160904 0.0018328842377047
11.25 24.2882 0.156876 0.0021554799575885
11.5 2 0.12223 0.0023162957530728
11.5 3.1748 0.146282 0.0022508389581744
11.5 5.14256 0.167728 0.002209769925792
11.5 6.54213 0.17803 0.0024949727735203
11.5 8.20313 0.185021 0.0025154496561467
11.5 9.69762 0.187359 0.0023854837854687
11.5 11.3755 0.189057 0.0029017584647033
11.5 12.9584 0.187958 0.0028342861204242
11.5 14.5998 0.186874 0.0018640248162662
11.5 16.165 0.185581 0.0024936199214918
11.5 17.775 0.182136 0.0027005984471454
11.5 19.3169 0.178347 0.0026087170765602
11.5 21.0505 0.173764 0.0025554782033245
11.5 22.5953 0.17026 0.0027906705238735
11.5 24.2882 0.165901 0.0033128929601855
11.75 2 0.122064 0.0016435150972887
11.75 3.1748 0.150997 0.001645648238519
11.75 5.14256 0.175539 0.00063695638585477
11.75 6.54213 0.183669 0.0032343302442356
11.75 8.20313 0.191402 0.0029751191579105
11.75 9.69762 0.195063 0.0030209245273563
11.75 11.3755 0.195702 0.0023392296408425
11.75 12.9584 0.194986 0.0019890327668672
11.75 14.5998 0.193668 0.0019247669704962
11.75 16.165 0.19253 0.0023249084155668
11.75 17.775 0.190135 0.0020549746661971
11.75 19.3169 0.187196 0.0011837873542942
11.75 21.0505 0.181619 0.0029975211243186
11.75 22.5953 0.177311 0.0031106039405716
11.75 24.2882 0.173586 0.0036637362781244
12 2 0.12583 0.0015084157472362
12 3.1748 0.154502 0.0022623484064936
12 5.14256 nan nan
12 6.54213 0.189272 0.0023974238981991
12 8.20313 0.197094 0.0029448661498752
12 9.69762 0.199675 0.0042611413455113
12 11.3755 0.200985 0.0033545695426297
12 12.9584 0.202296 0.0031089421589617
12 14.5998 0.203088 0.0032391904280216
12 16.165 0.201735 0.0028263205431391
12 17.775 0.197296 0.0035619996688031
12 19.3169 0.193675 0.0037316903006684
12 21.0505 0.188969 0.0036624348650367
12 22.5953 0.185053 0.0025597294168695
12 24.2882 0.180914 0.0041851074064669
