3 2 0.0137745 0.00013071274863525
3 3.1748 0.0158328 0.00012658409769032
3 5.14256 0.0160571 0.00010507555038794
3 6.54213 0.0157208 8.1143608219369e-05
3 8.20313 0.0153875 9.1532678591028e-05
3 9.69762 0.0150933 6.880236641541e-05
3 11.3755 0.0148598 7.9047043939147e-05
3 12.9584 0.0147606 6.8679264739606e-05
3 14.5998 0.0146637 7.6669175687585e-05
3 16.165 0.0147265 5.5114662077798e-05
3 17.775 0.0146566 6.2824886830304e-05
3 19.3169 0.0145751 6.4944904547862e-05
3 21.0505 0.0145424 5.6886353606369e-05
3 22.5953 0.0145199 4.6744894455478e-05
3 24.2882 0.0146477 7.1954412652239e-05
3.25 2 0.0164548 0.00015843945264825
3.25 3.1748 0.0193685 0.00011080480091786
3.25 5.14256 0.0200515 0.00010869563025966
3.25 6.54213 0.0196746 9.0097226137708e-05
3.25 8.20313 0.0193485 9.1836851130256e-05
3.25 9.69762 0.0189145 8.1928213867717e-05
3.25 11.3755 0.018683 8.143753357084e-05
3.25 12.9584 0.018366 6.0562862800285e-05
3.25 14.5998 0.0182683 7.7788652200907e-05
3.25 16.165 0.0181711 6.3235552946684e-05
3.25 17.775 0.0180011 5.9443981305684e-05
3.25 19.3169 0.0179938 7.5930227282716e-05
3.25 21.0505 0.0179735 6.262289946721e-05
3.25 22.5953 0.018028 6.3806280285707e-05
3.25 24.2882 0.0180285 7.6510890777759e-05
3.5 2 0.019379 0.00012699767776181
3.5 3.1748 0.0231158 0.00019551642554782
3.5 5.14256 0.0242388 0.00019696264567488
3.5 6.54213 0.0238748 0.0001334697626382
3.5 8.20313 0.0232569 0.00010168485032783
3.5 9.69762 0.0227162 0.00010562926396644
3.5 11.3755 0.0224124 9.752682323045e-05
3.5 12.9584 0.0219161 6.8437773958498e-05
3.5 14.5998 0.0217139 7.6257643048151e-05
3.5 16.165 0.0215384 5.6699185649743e-05
3.5 17.775 0.0213336 4.9635603833666e-05
3.5 19.3169 0.0212058 5.093203190342e-05
3.5 21.0505 0.0211773 4.6302345796166e-05
3.5 22.5953 0.0212233 6.9955606724309e-05
3.5 24.2882 0.0211439 6.5166932574647e-05
3.75 2 0.0228301 0.00018444493430456
3.75 3.1748 0.0273194 0.00015742670912643
3.75 5.14256 0.0289453 0.00017531543280222
3.75 6.54213 0.0286671 0.00015858683790422
3.75 8.20313 0.0279524 0.00016641646975734
3.75 9.69762 0.0273262 0.00014999029460053
3.75 11.3755 0.026745 0.00011425518058589
3.75 12.9584 0.0262398 8.8518135713586e-05
3.75 14.5998 0.0258144 8.2290857050521e-05
3.75 16.165 0.0254454 7.797980510905e-05
3.75 17.775 0.0251989 7.2797757367874e-05
3.75 19.3169 0.0250107 6.9757287113348e-05
3.75 21.0505 0.0248895 6.0467398232253e-05
3.75 22.5953 0.0247763 5.5672320068049e-05
3.75 24.2882 0.0246759 5.159768689375e-05
4 2 0.0258235 0.0002252002650531
4 3.1748 0.0309675 0.00024133468235772
4 5.14256 0.0335488 0.00017667656990352
4 6.54213 0.033521 0.00018250750681913
4 8.20313 0.032628 0.00017765165891831
4 9.69762 0.0318271 0.00017157139832944
4 11.3755 0.031076 0.00013571021518333
4 12.9584 0.0304097 0.00010940125843484
4 14.5998 0.0297626 0.00010723442851094
4 16.165 0.0294127 8.4188947682948e-05
4 17.775 0.0289837 0.00010557395587597
4 19.3169 0.0287604 9.0567468825958e-05
4 21.0505 0.0284491 6.5799624782882e-05
4 22.5953 0.0283405 8.1677745474392e-05
4 24.2882 0.0281998 7.2510296980842e-05
4.25 2 0.0283488 0.00025105225310054
4.25 3.1748 0.0345071 0.00032132492316298
4.25 5.14256 0.0385435 0.00031254072641836
4.25 6.54213 0.0387041 0.00027425200117913
4.25 8.20313 0.0382886 0.0002467928534328
4.25 9.69762 0.0372858 0.00024257209504896
4.25 11.3755 0.036112 0.00020329503651351
4.25 12.9584 0.0351657 0.00021380867612945
4.25 14.5998 0.0345283 0.00016010005659305
4.25 16.165 0.0339132 0.00012333219005367
4.25 17.775 0.0334317 0.00013561408079016
4.25 19.3169 0.0329969 0.00011380575298526
4.25 21.0505 0.0326948 0.00010864697437694
4.25 22.5953 0.0324673 0.00011588077450915
4.25 24.2882 0.0322517 9.3871309026075e-05
4.5 2 0.0314108 0.00029627532229337
4.5 3.1748 0.0383768 0.00040496801305206
4.5 5.14256 0.0431722 0.00030063602013733
4.5 6.54213 0.0438564 0.00029713065997079
4.5 8.20313 0.0434738 0.00020848767808923
4.5 9.69762 0.0424562 0.00019771950860889
4.5 11.3755 0.0414304 0.00020827838800311
4.5 12.9584 0.0402951 0.00017098255803208
4.5 14.5998 0.039477 0.0001683508891488
4.5 16.165 0.0387438 0.00017246837857921
4.5 17.775 0.0381045 0.0001643707817908
4.5 19.3169 0.0376543 0.00015545752281144
4.5 21.0505 0.0371792 0.00013035183533247
4.5 22.5953 0.0368031 0.00011759019562382
4.5 24.2882 0.0366123 0.00012036755965243
4.75 2 0.0346024 0.00037526780436587
4.75 3.1748 0.0428121 0.00039095392650765
4.75 5.14256 0.0485494 0.00034428400482095
4.75 6.54213 0.049555 0.00036030736796766
4.75 8.20313 0.0495418 0.00031625896852095
4.75 9.69762 0.0486429 0.00022236862209744
4.75 11.3755 0.0473185 0.00020569360743631
4.75 12.9584 0.0459566 0.00022313766640495
4.75 14.5998 0.0450585 0.00020670508320818
4.75 16.165 nan nan
4.75 17.775 0.0436306 0.00015737640799239
4.75 19.3169 0.042831 0.00017101417156791
4.75 21.0505 0.0423237 0.00015458441073879
4.75 22.5953 0.0418978 0.00014511113465126
4.75 24.2882 0.0415728 0.00014110150724433
5 2 0.0378731 0.00043453923804625
5 3.1748 0.0471937 0.00052068858198696
5 5.14256 0.053446 0.00041834203379586
5 6.54213 0.0548974 0.00039374978496821
5 8.20313 0.0547682 0.00033919325847921
5 9.69762 0.0542802 0.00025678849701347
5 11.3755 0.053054 0.00028434991233946
5 12.9584 0.0516483 0.00027654967343759
5 14.5998 0.0506899 0.00027283910091581
5 16.165 0.0494701 0.00023319958130382
5 17.775 0.0486226 0.00021135531395874
5 19.3169 0.0479675 0.00020552944586617
5 21.0505 0.0470416 0.00021228911827617
5 22.5953 0.0465406 0.00020646858728712
5 24.2882 0.0461764 0.00018287968479411
5.25 2 0.0416905 0.00037908653056212
5.25 3.1748 0.05232 0.00038255215253757
5.25 5.14256 0.0594333 0.00040680081048559
5.25 6.54213 0.0611157 0.0004788903182574
5.25 8.20313 0.0617736 0.00040261563169055
5.25 9.69762 0.0610717 0.0003601907567863
5.25 11.3755 0.0594178 0.0003506435414185
5.25 12.9584 0.0580588 0.00032615251059238
5.25 14.5998 0.056519 0.0003333269078861
5.25 16.165 0.0553726 0.00031687067953519
5.25 17.775 0.0543786 0.00027765194739814
5.25 19.3169 0.0534315 0.00024531657038873
5.25 21.0505 0.0524871 0.00023161432109523
5.25 22.5953 0.0517969 0.00022204144330426
5.25 24.2882 0.0511336 0.00023751884338153
5.5 2 0.044695 0.00044268607781004
5.5 3.1748 0.0558594 0.00056053782558757
5.5 5.14256 0.0638594 0.00051612198548874
5.5 6.54213 0.0664384 0.0005601434470308
5.5 8.20313 0.0672353 0.00043205289324342
5.5 9.69762 0.0666103 0.00042608088401421
5.5 11.3755 0.0656442 0.00031364685177166
5.5 12.9584 0.0641059 0.00031761342125375
5.5 14.5998 0.0625722 0.0002813032939143
5.5 16.165 0.0613298 0.00027602448514869
5.5 17.775 0.0602339 0.00026493882140293
5.5 19.3169 0.0589538 0.00029613817413597
5.5 21.0505 0.058186 0.00027298416741816
5.5 22.5953 0.0572984 0.00029914060888508
5.5 24.2882 0.0566088 0.00028967390741386
5.75 2 0.0478573 0.00046676694470551
5.75 3.1748 0.0596039 0.00066922521390224
5.75 5.14256 nan nan
5.75 6.54213 0.0722114 0.00058480794076007
5.75 8.20313 0.0734759 0.00043967999461908
5.75 9.69762 0.0731335 0.00038068306135253
5.75 11.3755 0.0721507 0.00028721317890204
5.75 12.9584 0.0701919 0.00033470448404484
5.75 14.5998 0.0688197 0.00031812193634652
5.75 16.165 0.0673837 0.00030861454167836
5.75 17.775 0.0660647 0.00030603654422462
5.75 19.3169 0.0651037 0.00030337568660812
5.75 21.0505 0.0639858 0.00029174950893799
5.75 22.5953 0.0630872 0.0003446041989101
5.75 24.2882 0.0620865 0.00033203545204556
6 2 0.0508062 0.00053103123529264
6 3.1748 0.0639212 0.00071353831211503
6 5.14256 0.0744202 0.00072919815294515
6 6.54213 0.0778586 0.0006924690738344
6 8.20313 0.07974 0.00061124038334209
6 9.69762 0.0799758 0.00047056462199378
6 11.3755 0.07916 0.00040831910773577
6 12.9584 0.0776348 0.00038790589150261
6 14.5998 0.0761548 0.0003286394931354
6 16.165 0.0747568 0.00031324185595872
6 17.775 0.0731154 0.00035105335796708
6 19.3169 0.0720001 0.00034210092991528
6 21.0505 0.070606 0.00039168125594745
6 22.5953 0.0694697 0.00040086448482428
6 24.2882 0.0684837 0.00037646973774636
6.25 2 0.0533076 0.00072542500312657
6.25 3.1748 0.0680334 0.00061721459448757
6.25 5.14256 0.0799484 0.00076522480418792
6.25 6.54213 0.0837752 0.00071528222864853
6.25 8.20313 0.0858982 0.00061592667989524
6.25 9.69762 0.0864934 0.00045091985149663
6.25 11.3755 0.0854503 0.0005343727670107
6.25 12.9584 0.0845266 0.00054846965453045
6.25 14.5998 0.0830243 0.00052635698679715
6.25 16.165 0.0814924 0.00047517024993039
6.25 17.775 0.0801233 0.0004731049698799
6.25 19.3169 0.0786619 0.00047245567001945
6.25 21.0505 0.0772893 0.00051364923966553
6.25 22.5953 0.0764855 0.00047755773208096
6.25 24.2882 0.0753519 0.00047935884916412
6.5 2 0.0566993 0.00063847380769962
6.5 3.1748 0.0725235 0.00072896833739368
6.5 5.14256 0.0855934 0.00085961677325144
6.5 6.54213 0.0896175 0.00077968194497191
6.5 8.20313 0.0923239 0.0007435490218239
6.5 9.69762 0.0929896 0.00064240049569692
6.5 11.3755 0.0927464 0.00058607570770325
6.5 12.9584 0.091677 0.00050725564874912
6.5 14.5998 0.0902222 0.00053707507332434
6.5 16.165 0.0887043 0.00054666698615798
6.5 17.775 0.0869053 0.00055687585019091
6.5 19.3169 0.0855869 0.00053465089311862
6.5 21.0505 0.0840359 0.00052860815250379
6.5 22.5953 0.0825965 0.00053230707553249
6.5 24.2882 0.0817179 0.00047288771540196
6.75 2 0.060064 0.00055123307797908
6.75 3.1748 0.0762693 0.00072119606994577
6.75 5.14256 0.0906758 0.00080067617774827
6.75 6.54213 0.095585 0.0007069107865562
6.75 8.20313 0.0980156 0.00068771032081308
6.75 9.69762 0.0990172 0.0006066005373496
6.75 11.3755 0.0990817 0.00060573916109767
6.75 12.9584 0.0980393 0.00060078952543103
6.75 14.5998 0.0968787 0.00056029948744425
6.75 16.165 0.0953107 0.00059439285465186
6.75 17.775 0.0936843 0.00055096176088124
6.75 19.3169 0.0921054 0.00058583774748888
6.75 21.0505 0.0909303 0.00045494337842797
6.75 22.5953 0.0893715 0.00055571611261669
6.75 24.2882 0.0879566 0.00058392805634826
7 2 0.0631557 0.00070065078510592
7 3.1748 0.0801082 0.00066076436519879
7 5.14256 0.0959958 0.00091635890766235
7 6.54213 0.101236 0.0009248724574083
7 8.20313 0.104766 0.0008149285460515
7 9.69762 0.105849 0.00073392970542841
7 11.3755 0.106178 0.00083330813112997
7 12.9584 0.10554 0.00081209620981204
7 14.5998 0.104019 0.00077401788832573
7 16.165 0.102529 0.00073321334983151
7 17.775 0.100797 0.00084157943027736
7 19.3169 0.0990167 0.00077512042771847
7 21.0505 0.0972969 0.00073975915167753
7 22.5953 0.096091 0.00072195296334641
7 24.2882 0.0947157 0.00069684468500976
7.25 2 0.0662248 0.00065417351482983
7.25 3.1748 0.084846 0.00070609775862249
7.25 5.14256 0.101971 0.00093400871789999
7.25 6.54213 0.108382 0.00095619056185464
7.25 8.20313 0.111829 0.00090977903397967
7.25 9.69762 0.113237 0.00095825473071805
7.25 11.3755 0.114005 0.00096626808073144
7.25 12.9584 0.113467 0.00096493506904941
7.25 14.5998 0.11246 0.00093426341307016
7.25 16.165 0.110993 0.00081464625179834
7.25 17.775 0.109291 0.00080079711263008
7.25 19.3169 0.107737 0.00078483119206409
7.25 21.0505 0.106211 0.00071736611343296
7.25 22.5953 0.104858 0.00066076939349418
7.25 24.2882 0.102997 0.00067173651187087
7.5 2 0.0685426 0.00059700314021867
7.5 3.1748 0.0880735 0.00082595590075956
7.5 5.14256 0.105655 0.0010391563961342
7.5 6.54213 0.112361 0.0010034839311038
7.5 8.20313 0.116887 0.0010192085336323
7.5 9.69762 0.11867 0.0010509335135757
7.5 11.3755 0.119427 0.0011929676756147
7.5 12.9584 0.119023 0.0011199157770428
7.5 14.5998 0.118048 0.0010538731856354
7.5 16.165 0.116672 0.001009975556652
7.5 17.775 0.115462 0.00083835186385644
7.5 19.3169 0.113714 0.00084666316540628
7.5 21.0505 0.111833 0.00082236226044652
7.5 22.5953 0.109903 0.00082264037558234
7.5 24.2882 0.10845 0.00078751990300669
7.75 2 0.0719335 0.0010698418008637
7.75 3.1748 0.0927633 0.00090867903749853
7.75 5.14256 0.111993 0.0010943128998329
7.75 6.54213 0.119102 0.00096362681603397
7.75 8.20313 0.123853 0.00099242007116167
7.75 9.69762 0.126159 0.0011080065503029
7.75 11.3755 0.127468 0.0012712818718515
7.75 12.9584 0.127251 0.0011572733309267
7.75 14.5998 0.126264 0.0011339684188589
7.75 16.165 0.125021 0.0011557069417484
7.75 17.775 0.123407 0.0010844474129267
7.75 19.3169 0.121921 0.00089179896309678
7.75 21.0505 0.119885 0.00085035577343809
7.75 22.5953 0.118158 0.00088104781587401
7.75 24.2882 0.116266 0.00091369499019033
8 2 0.0743892 0.00098599091150574
8 3.1748 0.0971873 0.00080248817126782
8 5.14256 0.117081 0.0012369877490814
8 6.54213 0.124866 0.0012066238086121
8 8.20313 0.130393 0.0010235984033848
8 9.69762 0.133314 0.0010176014998399
8 11.3755 0.134916 0.0013830665656253
8 12.9584 0.135218 0.0013904311732978
8 14.5998 0.13427 0.0014423973980386
8 16.165 0.132927 0.0014024200971457
8 17.775 0.13122 0.0013609389279272
8 19.3169 0.129286 0.0012217082366851
8 21.0505 0.127392 0.0010570586124408
8 22.5953 0.125468 0.0010754297560714
8 24.2882 0.123924 0.00091503163371669
8.25 2 0.0786822 0.0007697803852963
8.25 3.1748 0.101067 0.00081078029544124
8.25 5.14256 0.122301 0.00092966850823771
8.25 6.54213 0.131191 0.0010988519310903
8.25 8.20313 0.137353 0.0010582350892167
8.25 9.69762 0.140899 0.00095317495767107
8.25 11.3755 0.142909 0.0014673889438882
8.25 12.9584 0.143244 0.0014686011959328
8.25 14.5998 0.142856 0.001300510596779
8.25 16.165 0.141648 0.0011154929280936
8.25 17.775 0.139963 0.0011894083350382
8.25 19.3169 0.138436 0.00096626228974548
8.25 21.0505 0.136208 0.00091329807781459
8.25 22.5953 0.134443 0.00089101843285308
8.25 24.2882 0.132253 0.0010075022196556
8.5 2 0.0813054 0.00097250821978909
8.5 3.1748 0.104408 0.000838884827559
8.5 5.14256 0.12671 0.0012328381888547
8.5 6.54213 0.135798 0.00103847737287
8.5 8.20313 0.142841 0.0010462302584952
8.5 9.69762 0.147142 0.0007882864748026
8.5 11.3755 0.149179 0.0010414570996837
8.5 12.9584 0.149707 0.0012869046939902
8.5 14.5998 0.149154 0.001215809891125
8.5 16.165 0.148313 0.0012030367581133
8.5 17.775 0.146609 0.0011915103744753
8.5 19.3169 0.145039 0.0011480903046687
8.5 21.0505 0.142993 0.00092039075436461
8.5 22.5953 0.141048 0.00085231895297323
8.5 24.2882 0.138941 0.00089479314129918
8.75 2 0.0837186 0.0011731033192486
8.75 3.1748 0.107973 0.00097841394492802
8.75 5.14256 0.13152 0.0010721806506579
8.75 6.54213 0.142028 0.0011932996287832
8.75 8.20313 0.149969 0.0012343694303811
8.75 9.69762 0.154288 0.0012055083535567
8.75 11.3755 0.156802 0.0014098580380665
8.75 12.9584 0.15787 0.001457102781374
8.75 14.5998 0.157521 0.0014297294665467
8.75 16.165 0.156425 0.0015992673432193
8.75 17.775 0.155138 0.0015811372797934
8.75 19.3169 0.153384 0.0013859643528817
8.75 21.0505 0.151198 0.0012930384818811
8.75 22.5953 0.149357 0.0011157950237832
8.75 24.2882 0.147261 0.0011884565637024
9 2 0.086341 0.0010935694912399
9 3.1748 0.112499 0.0010275664896358
9 5.14256 0.136508 0.0012553242858007
9 6.54213 0.147319 0.0011612139812482
9 8.20313 0.155921 0.0011590816677656
9 9.69762 0.160826 0.001031848888562
9 11.3755 0.163634 0.0014302101913889
9 12.9584 0.164537 0.0015302162072354
9 14.5998 0.164532 0.0013576718640823
9 16.165 0.163965 0.0014622765653625
9 17.775 0.162594 0.0016864270026664
9 19.3169 0.161112 0.0013626149965896
9 21.0505 0.158945 0.0012219565510036
9 22.5953 0.157032 0.0010714190082742
9 24.2882 0.154706 0.0013162489093774
9.25 2 0.0896483 0.0012992401984116
9.25 3.1748 0.116952 0.0011418578611115
9.25 5.14256 0.143119 0.0012645979166311
9.25 6.54213 0.154381 0.0012240748818649
9.25 8.20313 0.163157 0.001207629263277
9.25 9.69762 0.167623 0.0015167004495719
9.25 11.3755 0.171124 0.001298350312921
9.25 12.9584 0.172376 0.0016052284993377
9.25 14.5998 0.172892 0.0016884069784384
9.25 16.165 0.172851 0.0016534429278143
9.25 17.775 0.171572 0.0016634376115764
9.25 19.3169 0.169885 0.0016828758170829
9.25 21.0505 0.167843 0.0015615379851367
9.25 22.5953 0.166086 0.0014275253117085
9.25 24.2882 nan nan
9.5 2 0.0925808 0.0010683417454746
9.5 3.1748 0.120962 0.0010937143297955
9.5 5.14256 0.14806 0.0014013230355273
9.5 6.54213 0.159587 0.0017555008467193
9.5 8.20313 0.168733 0.0017003096454985
9.5 9.69762 0.174594 0.0018769502357559
9.5 11.3755 0.178799 0.0018372005974281
9.5 12.9584 0.180308 0.0018641370322382
9.5 14.5998 0.180995 0.0021245488675672
9.5 16.165 0.180773 0.0017553886956603
9.5 17.775 0.179513 0.0019084313952735
9.5 19.3169 0.178347 0.0018781433495152
9.5 21.0505 0.176332 0.001807779656189
9.5 22.5953 0.174605 0.0015436410892288
9.5 24.2882 0.172427 0.0015646708919156
9.75 2 0.0955532 0.001156199616491
9.75 3.1748 0.125463 0.0014742250943762
9.75 5.14256 0.154054 0.0013953248739932
9.75 6.54213 0.167294 0.0016509345186589
9.75 8.20313 0.177117 0.0018081409651492
9.75 9.69762 0.183179 0.0018349189621515
9.75 11.3755 0.187366 0.0019733179001617
9.75 12.9584 0.189208 0.0019205920565603
9.75 14.5998 0.190016 0.002027361990478
9.75 16.165 0.189928 0.0020450080846557
9.75 17.775 0.188796 0.0017912720035662
9.75 19.3169 0.187346 0.0016648387977452
9.75 21.0505 0.185445 0.001771933530777
9.75 22.5953 0.183732 0.0017698473020086
9.75 24.2882 0.181674 0.0015542676946017
10 2 0.0998102 0.0011573129132445
10 3.1748 0.129501 0.0011624584417869
10 5.14256 0.158859 0.0016692459761311
10 6.54213 0.172133 0.0016253873817092
10 8.20313 0.182971 0.0016835246925991
10 9.69762 0.189266 0.0018882018821229
10 11.3755 0.19325 0.0021857428121097
10 12.9584 0.196002 0.0020927047251263
10 14.5998 0.197251 0.0022980689753345
10 16.165 0.197546 0.0022911299068199
10 17.775 0.196866 0.0022809817864619
10 19.3169 0.195812 0.0019748621788183
10 21.0505 0.193602 0.002006834260703
10 22.5953 0.191879 0.0018262060922399
10 24.2882 0.189949 0.0017350330508454
10.25 2 0.101574 0.001236113617351
10.25 3.1748 0.13165 0.0011105732261737
10.25 5.14256 0.162744 0.0015343757892374
10.25 6.54213 0.176346 0.0013103058221465
10.25 8.20313 0.187834 0.001746697089473
10.25 9.69762 0.193902 0.0021014807278997
10.25 11.3755 0.198578 0.0021936660106774
10.25 12.9584 0.201433 0.0021375807001992
10.25 14.5998 0.203423 0.0021904438227781
10.25 16.165 0.204616 0.0023356783886587
10.25 17.775 0.204245 0.0021263607637403
10.25 19.3169 0.202835 0.002138139364354
10.25 21.0505 0.200799 0.0018224721576728
10.25 22.5953 0.199547 0.00167878302387
10.25 24.2882 0.197533 0.0018460256136457
10.5 2 0.10442 0.0014381661499961
10.5 3.1748 0.135843 0.0015918768220083
10.5 5.14256 0.167329 0.0013529928630407
10.5 6.54213 0.182618 0.0012885716793292
10.5 8.20313 0.194262 0.0017876497533596
10.5 9.69762 0.200392 0.0019410536211131
10.5 11.3755 0.2064 0.0022693195566395
10.5 12.9584 0.209511 0.0023231840564439
10.5 14.5998 0.211312 0.0023092143550623
10.5 16.165 0.212153 0.0023234544131105
10.5 17.775 0.21189 0.0020903186995012
10.5 19.3169 0.210642 0.0022267401771113
10.5 21.0505 0.208649 0.0020213327325206
10.5 22.5953 0.20698 0.0020202160505227
10.5 24.2882 0.20522 0.001924368808906
10.75 2 nan nan
10.75 3.1748 0.141206 0.0014458675218192
10.75 5.14256 0.173149 0.001650148270995
10.75 6.54213 0.188536 0.0017065610807571
10.75 8.20313 0.200562 0.001670455518839
10.75 9.69762 0.207957 0.0019557295034228
10.75 11.3755 0.213566 0.0020072193919898
10.75 12.9584 0.216809 0.0020183289276438
10.75 14.5998 0.219392 0.0018531431069814
10.75 16.165 0.220477 0.0020870250395278
10.75 17.775 0.220256 0.0020368139039205
10.75 19.3169 0.219084 0.0021720904973947
10.75 21.0505 0.217232 0.0018436112660158
10.75 22.5953 0.215754 0.002067222420392
10.75 24.2882 0.213801 0.0019647799852964
11 2 0.110281 0.0014139727941139
11 3.1748 0.144681 0.0017365318176713
11 5.14256 0.178213 0.0016575504622891
11 6.54213 0.194503 0.0018367787966243
11 8.20313 0.207588 0.0020458523017835
11 9.69762 0.215017 0.0021717553384102
11 11.3755 0.220627 0.0021245644636422
11 12.9584 0.224268 0.0020693046697606
11 14.5998 0.227129 0.0022458752687498
11 16.165 0.228676 0.0024324071675677
11 17.775 0.228844 0.0022635363131191
11 19.3169 0.227861 0.0025181931650081
11 21.0505 0.22657 0.0023031935921125
11 22.5953 0.225229 0.0022747698543456
11 24.2882 0.223583 0.0023261391236792
11.25 2 0.112426 0.001307286408554
11.25 3.1748 0.148551 0.0013169616131436
11.25 5.14256 0.182513 0.0015264127485783
11.25 6.54213 0.200974 0.001380092536773
11.25 8.20313 0.21339 0.0018276731492535
11.25 9.69762 0.219895 0.0022944178183342
11.25 11.3755 0.226949 0.0021037702762465
11.25 12.9584 nan nan
11.25 14.5998 0.233571 0.0020789356500765
11.25 16.165 0.23541 0.0021001794566303
11.25 17.775 0.235997 0.0022200367395638
11.25 19.3169 0.235125 0.0022617560456703
11.25 21.0505 0.233656 0.0022261151919239
11.25 22.5953 0.232527 0.0021418376902262
11.25 24.2882 0.231059 0.0018998340233397
11.5 2 0.115338 0.0014172764167321
11.5 3.1748 0.152788 0.0016141670887848
11.5 5.14256 0.188276 0.0012376973091448
11.5 6.54213 0.206104 0.0018479563300479
11.5 8.20313 0.220148 0.0019884883008708
11.5 9.69762 0.22789 0.0021811475486044
11.5 11.3755 0.235123 0.0024203194037093
11.5 12.9584 0.239508 0.0024280130283145
11.5 14.5998 0.242648 0.0023889220405537
11.5 16.165 0.244153 0.0026086168995902
11.5 17.775 0.244603 0.0022279930009863
11.5 19.3169 0.24408 0.002253655247073
11.5 21.0505 0.243049 0.002231494261809
11.5 22.5953 nan nan
11.5 24.2882 0.240124 0.002279846610258
11.75 2 0.118533 0.0010827347915874
11.75 3.1748 0.156121 0.0017240415136274
11.75 5.14256 0.193157 0.0016394329061908
11.75 6.54213 0.211813 0.0021016607272743
11.75 8.20313 0.226049 0.0022886794090824
11.75 9.69762 0.234729 0.001957264772652
11.75 11.3755 0.242553 0.0022453419361397
11.75 12.9584 0.247461 0.0025289591485259
11.75 14.5998 0.250793 0.0020644958525267
11.75 16.165 0.252544 0.0021133957651288
11.75 17.775 0.252809 0.0022480169255868
11.75 19.3169 0.252097 0.0024278170051526
11.75 21.0505 0.250861 0.0023935193752997
11.75 22.5953 0.249761 0.0024827195900351
11.75 24.2882 0.248007 0.0027040975743264
12 2 0.120398 0.0011270788085393
12 3.1748 0.160599 0.0015027125278817
12 5.14256 0.197722 0.0019968599764848
12 6.54213 0.216737 0.0019833189512719
12 8.20313 0.232146 0.00192166913538
12 9.69762 0.241881 0.0021551165364512
12 11.3755 0.24939 0.0021644749111281
12 12.9584 0.255291 0.0024839357158665
12 14.5998 0.258902 0.0024116519760472
12 16.165 0.260461 0.0023712361170614
12 17.775 0.260906 0.0024755886492553
12 19.3169 0.260619 0.002551334163856
12 21.0505 0.259453 0.0024600447784893
12 22.5953 0.257804 0.0025517291472305
12 24.2882 0.256336 0.0025310522955514
