4 2 0.021624 0.00021372896826966
4 3.1748 0.0260567 0.00015162683235532
4 5.14256 0.0280314 0.00016405050493207
4 6.54213 0.0281094 7.8915269247258e-05
4 8.20313 0.0270193 0.00011853780053096
4 9.69762 0.0263274 0.00010213153282518
4 11.3755 0.0255099 0.00011324750619293
4 12.9584 0.0249924 0.0001083592873311
4 14.5998 0.0244249 0.00011991433466021
4 16.165 0.0240858 0.00013446621685023
4 17.775 0.0239209 0.00011661627529378
4 19.3169 0.0236476 0.00010829047038751
4 21.0505 0.0234947 8.580228567662e-05
4 22.5953 0.0233455 0.00010619341601633
4 24.2882 0.0232859 0.00011177558432168
4.25 2 0.0240878 0.00028581532943743
4.25 3.1748 0.0294965 0.00029309398723328
4.25 5.14256 0.0321533 0.00028584837134397
4.25 6.54213 0.0322406 0.00021849779746158
4.25 8.20313 0.0313584 0.00022012749013394
4.25 9.69762 0.0305405 0.00016154048689277
4.25 11.3755 0.0295023 0.00014187160582045
4.25 12.9584 0.0289184 0.00014247769562291
4.25 14.5998 0.028204 0.00015299062471906
4.25 16.165 0.0276723 0.0001432401092719
4.25 17.775 0.027389 0.00014012641612769
4.25 19.3169 0.0270137 0.00014744026664154
4.25 21.0505 0.0267948 0.00011800042785427
4.25 22.5953 0.0266218 0.00012941639736434
4.25 24.2882 0.0264311 0.00010637880152214
4.5 2 0.0265996 0.00028095984929059
4.5 3.1748 0.0333212 0.00029378869558532
4.5 5.14256 0.0366328 0.00020290053994004
4.5 6.54213 0.0368345 0.00020529638492949
4.5 8.20313 0.0360631 0.00022734336855922
4.5 9.69762 0.0350336 0.00022290576284148
4.5 11.3755 0.034003 0.00017963842424636
4.5 12.9584 0.0331186 0.00018303251343911
4.5 14.5998 0.0324718 0.00017934794492724
4.5 16.165 0.0320461 0.00013967143154732
4.5 17.775 0.0314717 0.00014689948733155
4.5 19.3169 0.0310939 0.00015736674234789
4.5 21.0505 0.0308435 0.00012632590848623
4.5 22.5953 0.0305159 0.00013476820377606
4.5 24.2882 0.0302925 0.0001416605517228
4.75 2 0.0298563 0.00018148416608791
4.75 3.1748 0.0370126 0.00026950930995973
4.75 5.14256 0.0411199 0.00037542940962642
4.75 6.54213 0.0416762 0.00030482797051466
4.75 8.20313 0.0411177 0.00023521989213169
4.75 9.69762 0.0403248 0.00017786960637425
4.75 11.3755 0.0390397 0.00017915852793005
4.75 12.9584 0.0379497 0.00017186547530437
4.75 14.5998 0.0370682 0.00018367069555248
4.75 16.165 0.0363243 0.00017847783477041
4.75 17.775 0.03569 0.00014873516732949
4.75 19.3169 0.0352781 0.00017574524631371
4.75 21.0505 0.0348165 0.00014804796850395
4.75 22.5953 0.0343129 0.0001728524778756
4.75 24.2882 0.0341037 0.00014493394846156
5 2 0.0325161 0.00043141065418848
5 3.1748 0.0407435 0.00036332436116316
5 5.14256 0.0458815 0.00031090749228558
5 6.54213 0.0466878 0.00033379470119849
5 8.20313 0.0464652 0.00029759969342733
5 9.69762 0.0456437 0.00025440389770526
5 11.3755 0.0443312 0.00025581400295972
5 12.9584 0.0429315 0.00019920645549734
5 14.5998 0.0421571 0.0001965700599741
5 16.165 0.0415321 0.00017594646567364
5 17.775 0.0406754 0.00017185755194821
5 19.3169 0.0400061 0.00016847829338802
5 21.0505 0.0392554 0.00017005463562375
5 22.5953 0.0388887 0.00016570448858979
5 24.2882 0.0385373 0.0001504279442457
5.25 2 0.0351395 0.00041632281949629
5.25 3.1748 0.0445858 0.0003925854922796
5.25 5.14256 0.0501122 0.00036738681610385
5.25 6.54213 0.051645 0.00030727035535827
5.25 8.20313 0.0514252 0.00029693072009658
5.25 9.69762 0.0507644 0.00030476289356938
5.25 11.3755 0.0495679 0.00024454159444222
5.25 12.9584 0.0487097 0.00021204875616516
5.25 14.5998 0.0472235 0.00024578332564255
5.25 16.165 0.0461283 0.00022784187434335
5.25 17.775 0.0458008 0.00018556822210981
5.25 19.3169 0.0449365 0.00020731551474015
5.25 21.0505 0.0441393 0.00016403227399795
5.25 22.5953 0.0434803 0.00018502637693096
5.25 24.2882 0.0431053 0.00013337569482758
5.5 2 0.037682 0.00049762113260079
5.5 3.1748 0.0479162 0.00038364066362041
5.5 5.14256 0.0548574 0.00035881681786413
5.5 6.54213 0.0563529 0.00029026801868179
5.5 8.20313 0.0567687 0.00030644244591803
5.5 9.69762 0.0564176 0.00024442118055374
5.5 11.3755 0.0549608 0.00024793200460223
5.5 12.9584 0.0536782 0.00026654644478814
5.5 14.5998 0.0525154 0.00025944290263508
5.5 16.165 0.0513925 0.00025447519523822
5.5 17.775 0.0501938 0.00023612544335734
5.5 19.3169 0.049291 0.00019577978100672
5.5 21.0505 0.0485911 0.00014104799713313
5.5 22.5953 0.0483577 0.00013411906151552
5.5 24.2882 0.0474491 0.00013543246484366
5.75 2 0.0410667 0.00049134302971783
5.75 3.1748 0.0522158 0.00039445972864226
5.75 5.14256 0.0603194 0.00033652171320114
5.75 6.54213 0.0622737 0.00032379845800171
5.75 8.20313 0.0628935 0.00031699941251724
5.75 9.69762 0.0624019 0.0002559599898244
5.75 11.3755 0.0613942 0.00025371981846411
5.75 12.9584 0.0599634 0.00022645504003581
5.75 14.5998 0.0589184 0.00021212896284586
5.75 16.165 0.0578104 0.00023501171010778
5.75 17.775 0.0566178 0.00023389739335477
5.75 19.3169 0.0555328 0.00022525470997994
5.75 21.0505 0.0544782 0.00020523189629421
5.75 22.5953 0.0534522 0.00019415040733975
5.75 24.2882 0.0527698 0.00019349359852161
6 2 0.0443225 0.00036168287647612
6 3.1748 0.056487 0.00030026025821473
6 5.14256 0.0650617 0.00040927088370727
6 6.54213 0.0678809 0.00029678717022546
6 8.20313 0.068886 0.00036600687029823
6 9.69762 0.0685224 0.0003313496795436
6 11.3755 0.0678594 0.00027259885417538
6 12.9584 0.0665771 0.00027258035117379
6 14.5998 0.0650075 0.00028376017222924
6 16.165 0.0639745 0.00026507142204773
6 17.775 0.062966 0.00023489075125416
6 19.3169 0.0614709 0.00025846610784336
6 21.0505 0.0603809 0.00022348183133472
6 22.5953 0.0592266 0.00024965691653209
6 24.2882 0.0584017 0.00023263116760077
6.25 2 0.0470626 0.00047213390332181
6.25 3.1748 0.0603659 0.00040659545626659
6.25 5.14256 0.0699371 0.00037866950182703
6.25 6.54213 0.0730753 0.00041511013902354
6.25 8.20313 0.0743147 0.00035395544526913
6.25 9.69762 0.0743931 0.00031794203479378
6.25 11.3755 0.0738113 0.00026290764776556
6.25 12.9584 0.0722635 0.00030490155850412
6.25 14.5998 0.0707621 0.00034575256229146
6.25 16.165 0.0693946 0.00034816402972042
6.25 17.775 0.0681369 0.00032351366854732
6.25 19.3169 0.0668287 0.00033305243109402
6.25 21.0505 0.0659385 0.00027866557473396
6.25 22.5953 0.0647127 0.00028327600281209
6.25 24.2882 0.0637008 0.0002929711109318
6.5 2 0.0500294 0.00033056881376988
6.5 3.1748 0.0642493 0.00041798851962921
6.5 5.14256 0.0754732 0.00040820247446028
6.5 6.54213 0.0790837 0.00040453587994782
6.5 8.20313 0.0809171 0.00035031236062358
6.5 9.69762 0.0809159 0.00036145178303611
6.5 11.3755 0.0799191 0.00036853414996935
6.5 12.9584 0.078986 0.00028843876792235
6.5 14.5998 0.0774969 0.00026762759805536
6.5 16.165 0.076253 0.00026103315160012
6.5 17.775 0.0746541 0.00027746392390975
6.5 19.3169 0.0736632 0.00024660215933316
6.5 21.0505 0.0719273 0.00031591900820818
6.5 22.5953 0.0706415 0.00031376862652132
6.5 24.2882 0.0698045 0.0002846724752017
6.75 2 0.0530189 0.00064192994971134
6.75 3.1748 0.0681051 0.00056841036510989
6.75 5.14256 0.0804975 0.0003872520912688
6.75 6.54213 0.0845427 0.00037656042834196
6.75 8.20313 0.0868086 0.00050114519728203
6.75 9.69762 0.0873049 0.00048169934970776
6.75 11.3755 0.0868077 0.00039131370090172
6.75 12.9584 0.0856666 0.00031613982763189
6.75 14.5998 0.0843399 0.00036224788355381
6.75 16.165 0.0831368 0.0002933339354834
6.75 17.775 0.0815325 0.00035227855991406
6.75 19.3169 0.0798994 0.00038532250214518
6.75 21.0505 0.0783908 0.00040457514685962
6.75 22.5953 0.0774551 0.00035241362556744
6.75 24.2882 0.0760345 0.00035366282936892
7 2 0.0561932 0.00057778243853069
7 3.1748 0.0723269 0.00059450887095545
7 5.14256 0.0854028 0.00051966392685219
7 6.54213 0.0901522 0.00056111110194774
7 8.20313 0.0931375 0.00053190251685068
7 9.69762 0.0938992 0.00045357761188638
7 11.3755 0.0932888 0.0004321414807002
7 12.9584 0.0923254 0.00039071035060117
7 14.5998 0.0905766 0.00043772351013163
7 16.165 0.0892297 0.00039586792228481
7 17.775 0.087565 0.00042826230008171
7 19.3169 0.0859438 0.00042001119406515
7 21.0505 0.08451 0.00037136465082154
7 22.5953 0.0829779 0.00040878740652637
7 24.2882 0.0816283 0.00033228241144513
7.25 2 0.0593926 0.00064239262556218
7.25 3.1748 0.0767407 0.00068555374345711
7.25 5.14256 0.0919852 0.00080866825963205
7.25 6.54213 0.0972076 0.00067195117707605
7.25 8.20313 0.100436 0.00047120830378174
7.25 9.69762 0.101081 0.00064716134967578
7.25 11.3755 0.100495 0.00054046762525003
7.25 12.9584 0.0993772 0.00049951667577141
7.25 14.5998 0.0978585 0.00054907976706774
7.25 16.165 0.0964268 0.00048215260429396
7.25 17.775 0.0947313 0.00047671702435844
7.25 19.3169 0.0933234 0.00045771379226907
7.25 21.0505 0.0913348 0.00048804685132294
7.25 22.5953 0.0900877 0.00050005405112989
7.25 24.2882 0.0886444 0.00046262795952142
7.5 2 0.0615182 0.00067178759024559
7.5 3.1748 0.0801261 0.00058317801006463
7.5 5.14256 0.0956268 0.00072932014217412
7.5 6.54213 0.101774 0.0006645692331071
7.5 8.20313 0.105254 0.00062202236005937
7.5 9.69762 0.106032 0.00069948357064618
7.5 11.3755 0.106188 0.00067818121886916
7.5 12.9584 0.105382 0.000559412987525
7.5 14.5998 0.103999 0.00057198170106369
7.5 16.165 0.102522 0.00051435798875411
7.5 17.775 0.101134 0.00038441303164444
7.5 19.3169 0.099479 0.00045705716013253
7.5 21.0505 0.0973672 0.00050726166450332
7.5 22.5953 0.0963661 0.00041475610309049
7.5 24.2882 0.0948878 0.00039253904786085
7.75 2 0.0654646 0.00053928502091682
7.75 3.1748 0.0846527 0.00052703396842993
7.75 5.14256 0.101474 0.00077297796950232
7.75 6.54213 0.107814 0.00080504441115845
7.75 8.20313 0.11179 0.00062097360865373
7.75 9.69762 0.113339 0.00077799727869548
7.75 11.3755 0.113927 0.00077843337265079
7.75 12.9584 0.113113 0.00070770342707371
7.75 14.5998 0.111848 0.00073698866012555
7.75 16.165 0.110318 0.00067451770966668
7.75 17.775 0.108659 0.00063290531724078
7.75 19.3169 0.107143 0.00053374677986126
7.75 21.0505 0.105258 0.00049119841094156
7.75 22.5953 0.10367 0.00045332514967693
7.75 24.2882 0.101953 0.00047658157747667
8 2 0.0678066 0.00072774169269053
8 3.1748 0.0883978 0.00066550390449092
8 5.14256 0.106569 0.00080672453328535
8 6.54213 0.113384 0.00062410335686519
8 8.20313 0.117796 0.00064400864035682
8 9.69762 0.11997 0.00073850805043201
8 11.3755 0.120383 0.00084770683318053
8 12.9584 0.120031 0.00084669178139121
8 14.5998 0.118806 0.00076627218825735
8 16.165 0.117435 0.00081465430743169
8 17.775 0.115913 0.00071261245000316
8 19.3169 0.114073 0.00070384042765745
8 21.0505 0.112399 0.00048979459978627
8 22.5953 0.110516 0.00055297768170291
8 24.2882 0.10906 0.00047821978228816
8.25 2 0.0710216 0.00082484521276058
8.25 3.1748 0.0919901 0.00058167006139003
8.25 5.14256 0.110698 0.00076152115705378
8.25 6.54213 0.119017 0.00057176617814164
8.25 8.20313 0.123542 0.00071228183332477
8.25 9.69762 0.126215 0.00071699486796927
8.25 11.3755 0.127318 0.00082427453896386
8.25 12.9584 0.127261 0.00076820373122921
8.25 14.5998 0.125693 0.00098117775403628
8.25 16.165 0.124463 0.00091289508774163
8.25 17.775 0.1227 0.00083988807150878
8.25 19.3169 0.121001 0.00077962607475338
8.25 21.0505 0.11935 0.0006528985851662
8.25 22.5953 0.117539 0.00067722926151358
8.25 24.2882 0.115433 0.00072579144573243
8.5 2 0.0742932 0.00079464493101513
8.5 3.1748 0.0960254 0.00074229756355482
8.5 5.14256 0.116011 0.00094525790133187
8.5 6.54213 0.124484 0.00061929899888027
8.5 8.20313 0.129327 0.00068603053181802
8.5 9.69762 0.131923 0.000855189534912
8.5 11.3755 0.133729 0.00067897302956937
8.5 12.9584 0.133341 0.00089657888193276
8.5 14.5998 0.132264 0.00080200857467438
8.5 16.165 0.130929 0.00090250143917462
8.5 17.775 0.129365 0.0007990226940171
8.5 19.3169 0.127955 0.00063020862435845
8.5 21.0505 0.126248 0.00058336505307934
8.5 22.5953 0.124748 0.00059740998605124
8.5 24.2882 0.122982 0.00060105200743275
8.75 2 0.0767621 0.00091891160790607
8.75 3.1748 0.0998753 0.00065669744565773
8.75 5.14256 0.120876 0.0010706526922786
8.75 6.54213 0.130054 0.00080495357252462
8.75 8.20313 0.136155 0.0009066485869388
8.75 9.69762 0.139454 0.00085801001825396
8.75 11.3755 0.140807 0.00092764709914341
8.75 12.9584 0.140998 0.00066550527084993
8.75 14.5998 0.140331 0.00095490346372688
8.75 16.165 0.138939 0.0009223907138456
8.75 17.775 0.137522 0.00085476939737785
8.75 19.3169 0.135768 0.00088059164241478
8.75 21.0505 0.133884 0.00079468684868425
8.75 22.5953 0.132225 0.00069428762944109
8.75 24.2882 0.130425 0.00074150086664984
9 2 0.0804201 0.00089480352646801
9 3.1748 0.103536 0.00078441837531383
9 5.14256 0.126486 0.00095751325873808
9 6.54213 0.136508 0.00097475477681746
9 8.20313 0.143174 0.0010841891141001
9 9.69762 0.146523 0.00086105531178703
9 11.3755 0.148787 0.0012068584282066
9 12.9584 0.148805 0.0010233213102291
9 14.5998 0.148252 0.0011489971595251
9 16.165 0.14712 0.0010828338472063
9 17.775 0.145817 0.0010320982874906
9 19.3169 0.144149 0.0010098046299392
9 21.0505 0.141867 0.0010077115647337
9 22.5953 0.139941 0.00098846946084466
9 24.2882 0.138282 0.00088204791008458
9.25 2 0.0837787 0.00083277807539289
9.25 3.1748 0.108431 0.0010041894760965
9.25 5.14256 0.131559 0.001260830618166
9.25 6.54213 0.141883 0.0010822738379112
9.25 8.20313 0.149043 0.0010293479902517
9.25 9.69762 0.152698 0.0010531258995594
9.25 11.3755 0.155184 0.0013095491605063
9.25 12.9584 0.155681 0.0013505054392599
9.25 14.5998 0.155704 0.0012898121002055
9.25 16.165 0.1551 0.0012768794052866
9.25 17.775 0.153768 0.0011510850859215
9.25 19.3169 0.152 0.0010459878424389
9.25 21.0505 0.149784 0.0010878857074051
9.25 22.5953 0.14815 0.00092729432523311
9.25 24.2882 0.146345 0.00094270924602629
9.5 2 0.0856067 0.00090075030411286
9.5 3.1748 0.111681 0.00094941771833653
9.5 5.14256 0.136506 0.0011151251768564
9.5 6.54213 0.14719 0.0011250851790579
9.5 8.20313 0.154467 0.0012499130984949
9.5 9.69762 0.15868 0.0015146797116659
9.5 11.3755 0.161587 0.001345839422116
9.5 12.9584 0.162361 0.0014694450482558
9.5 14.5998 0.16232 0.0014193802840729
9.5 16.165 0.161578 0.0013888979443952
9.5 17.775 0.16028 0.0011852964176292
9.5 19.3169 0.158687 0.0011999388412085
9.5 21.0505 0.156713 0.0011502694317531
9.5 22.5953 0.154413 0.0013112864925365
9.5 24.2882 0.153006 0.0010680483443047
